id	名称(策划用,ID=(heroId-1)*1000+type*1000+pos*10+1)	效果描述(策划用,51字内)	效果名称	效果图标	图标边框	所属英雄	技能ID(不同皮肤技能用数组形式)	技能类型(1普攻,2技能一,3小技能二,4必杀,5闪避技能,6觉醒技能,7,出场技能,8.下落技能,9起身震飞,0被动)	效果编号(1-9)	效果等级	基本描述	效果简述	被动技能补充描述	加成效果显示	消耗天赋点	前置效果要求	后置技能	主技能连线标识(连主技能=1,不连不填)	英雄等级要求	天使星级要求	附加效果	附带buff	展示视频
id	name	name2	nameId	icon	Frame	heroId	skillId	skillType	pos	lvl	describe	tips1	PassiveSkillDescribe	tips2	needSkillPiont	frontCondition	PostPositionSkill	Sign	needHeroLvl	needAngelLvl	affixeID	attachBuff	video
number	comment	comment	number	string	string	number	numbers	number	number	number	string	string	string	string	number	json	json	number	number	number	numbers	numbers	string
int						int	int[]	int	int	int					int	list	list		int	int	int[]	int[]	
110106011	十香觉醒-1级	十香觉醒-1级	10101001			110101	100130	6	1	1	10102001	10103001			1				1	1			
110106012	十香觉醒-2级	十香觉醒-2级	10101002			110101	100130	6	1	2	10102002	10103002			1				1	1			
110106013	十香觉醒-3级	十香觉醒-3级	10101003			110101	100130	6	1	3	10102003	10103003			1				1	1			
110106014	十香觉醒-4级	十香觉醒-4级	10101004			110101	100130	6	1	4	10102004	10103004			1				1	1			
110101111	十香普攻-追击本能	普攻命中后,移动速度+3%,持续3秒	10101005	icon/angleskill/80001_angleskillA.png	ui/fairy_angle/024.png	110101	100110	1	11	1	10102005	10103005			1				1	1		10110111	
110101112	十香普攻-追击本能	普攻命中后,移动速度+5%,持续3秒	10101006	icon/angleskill/80001_angleskillA.png	ui/fairy_angle/024.png	110101	100110	1	11	2	10102006	10103006			1				1	1		10110112	
110101113	十香普攻-追击本能	普攻命中后,移动速度+8%,持续3秒	10101007	icon/angleskill/80001_angleskillA.png	ui/fairy_angle/024.png	110101	100110	1	11	3	10102007	10103007			1		[110101191,110101192,110101193,110101194]		1	1		10110113	
110101061	十香普攻-十香4段	普攻可以连续发出4段攻击	10101008	icon/angleskill/80002_angleskillA.png	ui/fairy_angle/024.png	110101	100110	1	6	1	10102008	10103008			1	[[110101024]]	[110101121,110101122,110101123,110101124]		1	1	1011801		video/sx_1_1.mp4
110101021	十香普攻-伤害提升	普攻伤害+6%	10101009	icon/angleskill/80003_angleskillA.png	ui/fairy_angle/024.png	110101	100110	1	2	1	10102009	10103009			1			1	1	1	1011001-1011002-1011003-1011004-1011005		
110101022	十香普攻-伤害提升	普攻伤害+9%	10101010	icon/angleskill/80003_angleskillA.png	ui/fairy_angle/024.png	110101	100110	1	2	2	10102010	10103010			1			1	1	1	1011006-1011007-1011003-1011009-1011010		
110101023	十香普攻-伤害提升	普攻伤害+12%	10101011	icon/angleskill/80003_angleskillA.png	ui/fairy_angle/024.png	110101	100110	1	2	3	10102011	10103011			1			1	1	1	1011011-1011012-1011013-1011014-1011015		
110101024	十香普攻-伤害提升	普攻伤害+15%	10101012	icon/angleskill/80003_angleskillA.png	ui/fairy_angle/024.png	110101	100110	1	2	4	10102012	10103012			1		[110101061,110101071,110101072,110101073]	1	1	1	1011016-1011017-1011018-1011019-1011020		
110101191	十香普攻-坚定意志	普攻命中后,伤害减免+3%,持续3秒	10101013	icon/angleskill/70001_angleskillA.png	ui/fairy_angle/024.png	110101	100110	1	19	1	10102013	10103013			1	[[110101113]]			1	1		10110411	
110101192	十香普攻-坚定意志	普攻命中后,伤害减免+6%,持续3秒	10101014	icon/angleskill/70001_angleskillA.png	ui/fairy_angle/024.png	110101	100110	1	19	2	10102014	10103014			1	[[110101113]]			1	1		10110412	
110101193	十香普攻-坚定意志	普攻命中后,伤害减免+9%,持续3秒	10101015	icon/angleskill/70001_angleskillA.png	ui/fairy_angle/024.png	110101	100110	1	19	3	10102015	10103015			1	[[110101113]]			1	1		10110413	
110101194	十香普攻-坚定意志	普攻命中后,伤害减免+12%,持续3秒	10101016	icon/angleskill/70001_angleskillA.png	ui/fairy_angle/024.png	110101	100110	1	19	4	10102016	10103016			1	[[110101113]]			1	1		10110414	
110101181	十香普攻-十香5段	普攻可以连续发出5段攻击	10101017	icon/angleskill/70002_angleskillA.png	ui/fairy_angle/024.png	110101	100110	1	18	1	10102017	10103017			1	[[110101124]]	[110101221]		1	1	1011801-1011802		video/sx_1_2.mp4
110101051	十香普攻-机械之灾	普攻对机械怪物造成2%的额外伤害	10101018	icon/angleskill/70003_angleskillA.png	ui/fairy_angle/024.png	110101	100110	1	5	1	10102018	10103018			1				1	1	1011021-1011022-1011023-1011024-1011025		
110101052	十香普攻-机械之灾	普攻对机械怪物造成4%的额外伤害	10101019	icon/angleskill/70003_angleskillA.png	ui/fairy_angle/024.png	110101	100110	1	5	2	10102019	10103019			1				1	1	1011026-1011027-1011028-1011029-1011030		
110101053	十香普攻-机械之灾	普攻对机械怪物造成6%的额外伤害	10101020	icon/angleskill/70003_angleskillA.png	ui/fairy_angle/024.png	110101	100110	1	5	3	10102020	10103020			1				1	1	1011031-1011032-1011033-1011034-1011035		
110101054	十香普攻-机械之灾	普攻对机械怪物造成8%的额外伤害	10101021	icon/angleskill/70003_angleskillA.png	ui/fairy_angle/024.png	110101	100110	1	5	4	10102021	10103021			1				1	1	1011036-1011037-1011038-1011039-1011040		
110101121	十香普攻-战斗怒火	普攻攻速+3%	10101022	icon/angleskill/70004_angleskillA.png	ui/fairy_angle/024.png	110101	100110	1	12	1	10102022	10103022			1	[[110101061]]			1	1	1011041-1011042-1011043-1011044-1011045		
110101122	十香普攻-战斗怒火	普攻攻速+5%	10101023	icon/angleskill/70004_angleskillA.png	ui/fairy_angle/024.png	110101	100110	1	12	2	10102023	10103023			1	[[110101061]]			1	1	1011046-1011047-1011048-1011049-1011050		
110101123	十香普攻-战斗怒火	普攻攻速+7%	10101024	icon/angleskill/70004_angleskillA.png	ui/fairy_angle/024.png	110101	100110	1	12	3	10102024	10103024			1	[[110101061]]			1	1	1011051-1011052-1011053-1011054-1011055		
110101124	十香普攻-战斗怒火	普攻攻速+10%	10101025	icon/angleskill/70004_angleskillA.png	ui/fairy_angle/024.png	110101	100110	1	12	4	10102025	10103025			1	[[110101061]]	[110101181]		1	1	1011056-1011057-1011058-1011059-1011060		
110101221	十香普攻-特效升级	普攻每一段攻击的攻击范围+20%	10101026	icon/angleskill/70005_angleskillA.png	ui/fairy_angle/024.png	110101	100110	1	22	1	10102026	10103026			1	[[110101181]]			1	1	1011801-1011802-1011803-1011804-1011805-1011806-1011807		video/sx_1_3.mp4
110101071	十香普攻-无坚不摧	普攻无视目标5%防御	10101027	icon/angleskill/70006_angleskillA.png	ui/fairy_angle/024.png	110101	100110	1	7	1	10102027	10103027			1	[[110101024]]			1	1	1011061-1011062-1011063-1011064-1011065		
110101072	十香普攻-无坚不摧	普攻无视目标10%防御	10101028	icon/angleskill/70006_angleskillA.png	ui/fairy_angle/024.png	110101	100110	1	7	2	10102028	10103028			1	[[110101024]]			1	1	1011066-1011067-1011068-1011069-1011070		
110101073	十香普攻-无坚不摧	普攻无视目标15%防御	10101029	icon/angleskill/70006_angleskillA.png	ui/fairy_angle/024.png	110101	100110	1	7	3	10102029	10103029			1	[[110101024]]			1	1	1011071-1011072-1011073-1011074-1011075		
110102071	十香技能1-冷却缩短	[破碎之刃]技能冷却时间-0.5秒	10101030	icon/angleskill/60001_angleskillA.png	ui/fairy_angle/026.png	110101	100180	2	7	1	10102030	10103030			1			1	1	1	1012001		
110102072	十香技能1-冷却缩短	[破碎之刃]技能冷却时间-1秒	10101031	icon/angleskill/60001_angleskillA.png	ui/fairy_angle/026.png	110101	100180	2	7	2	10102031	10103031			1			1	1	1	1012002		
110102073	十香技能1-冷却缩短	[破碎之刃]技能冷却时间-1.5秒	10101032	icon/angleskill/60001_angleskillA.png	ui/fairy_angle/026.png	110101	100180	2	7	3	10102032	10103032			1		[110102081,110102061,110102062,110102063,110102064]	1	1	1	1012003		
110102081	十香技能1-1级-抗拒之力	[破碎之刃]蓄力阶段会推开周围X米范围内的敌人	10101033	icon/angleskill/60002_angleskillA.png	ui/fairy_angle/026.png	110101	100180	2	8	1	10102033	10103033			1	[[110102073]]	[110102091,110102092,110102093,110102094]		1	1	1012800-1012801-1012802		video/sx_2_1.mp4
110102031	十香技能1-致命追击	[破碎之刃]技能暴击率+2%	10101034	icon/angleskill/60003_angleskillA.png	ui/fairy_angle/026.png	110101	100180	2	3	1	10102034	10103034			1				1	1	1012100-1012101-1012102-1012103-1012104-1012105-1012106-1012107		
110102032	十香技能1-致命追击	[破碎之刃]技能暴击率+4%	10101035	icon/angleskill/60003_angleskillA.png	ui/fairy_angle/026.png	110101	100180	2	3	2	10102035	10103035			1				1	1	1012108-1012109-1012110-1012111-1012112-1012113-1012114-1012115		
110102033	十香技能1-致命追击	[破碎之刃]技能暴击率+6%	10101036	icon/angleskill/60003_angleskillA.png	ui/fairy_angle/026.png	110101	100180	2	3	3	10102036	10103036			1				1	1	1012116-1012117-1012118-1012119-1012120-1012121-1012122-1012123		
110102061	十香技能1-强者之灾	[破碎之刃]对精英怪物造成5%额外伤害	10101037	icon/angleskill/60004_angleskillA.png	ui/fairy_angle/026.png	110101	100180	2	6	1	10102037	10103037			1	[[110102073]]			1	1	1012004-1012005-1012006-1012007-1012008-1012009-1012010-1012011		
110102062	十香技能1-强者之灾	[破碎之刃]对精英怪物造成8%额外伤害	10101038	icon/angleskill/60004_angleskillA.png	ui/fairy_angle/026.png	110101	100180	2	6	2	10102038	10103038			1	[[110102073]]			1	1	1012012-1012013-1012014-1012015-1012016-1012017-1012018-1012019		
110102063	十香技能1-强者之灾	[破碎之刃]对精英怪物造成12%额外伤害	10101039	icon/angleskill/60004_angleskillA.png	ui/fairy_angle/026.png	110101	100180	2	6	3	10102039	10103039			1	[[110102073]]			1	1	1012020-1012021-1012022-1012023-1012024-1012025-1012026-1012027		
110102064	十香技能1-强者之灾	[破碎之刃]对精英怪物造成15%额外伤害	10101040	icon/angleskill/60004_angleskillA.png	ui/fairy_angle/026.png	110101	100180	2	6	4	10102040	10103040			1	[[110102073]]			1	1	1012028-1012029-1012030-1012031-1012032-1012033-1012034-1012035		
110102101	十香技能1-2级	[破碎之刃]蓄力段数增加到三段,并额外释放1道十字形剑气	10101041	icon/angleskill/60005_angleskillA.png	ui/fairy_angle/026.png	110101	100180	2	10	1	10102041	10103041			1	[[110102094]]	[110102111]		1	1	1012800-1012801-1012802-1012803-1012804		video/sx_2_2.mp4
110102161	十香技能1-尖锐剑刃	[破碎之刃]技能穿透率+3%	10101042	icon/angleskill/50001_angleskillA.png	ui/fairy_angle/026.png	110101	100180	2	16	1	10102042	10103042			1				1	1	1012036-1012037-1012038-1012039-1012040-1012041-1012042-1012043		
110102162	十香技能1-尖锐剑刃	[破碎之刃]技能穿透率+5%	10101043	icon/angleskill/50001_angleskillA.png	ui/fairy_angle/026.png	110101	100180	2	16	2	10102043	10103043			1				1	1	1012044-1012045-1012046-1012047-1012048-1012049-1012050-1012051		
110102163	十香技能1-尖锐剑刃	[破碎之刃]技能穿透率+7%	10101044	icon/angleskill/50001_angleskillA.png	ui/fairy_angle/026.png	110101	100180	2	16	3	10102044	10103044			1				1	1	1012052-1012053-1012054-1012055-1012056-1012057-1012058-1012059		
110102164	十香技能1-尖锐剑刃	[破碎之刃]技能穿透率+10%	10101045	icon/angleskill/50001_angleskillA.png	ui/fairy_angle/026.png	110101	100180	2	16	4	10102045	10103045			1				1	1	1012060-1012061-1012062-1012063-1012064-1012065-1012066-1012067		
110102091	十香技能1-攻速	[破碎之刃]技能攻速+5%	10101046	icon/angleskill/50002_angleskillA.png	ui/fairy_angle/026.png	110101	100180	2	9	1	10102046	10103046			1	[[110102081]]			1	1	1012068-1012069-1012070-1012071-1012072-1012073-1012074-1012075		
110102092	十香技能1-攻速	[破碎之刃]技能攻速+10%	10101047	icon/angleskill/50002_angleskillA.png	ui/fairy_angle/026.png	110101	100180	2	9	2	10102047	10103047			1	[[110102081]]			1	1	1012076-1012077-1012078-1012079-1012080-1012081-1012082-1012083		
110102093	十香技能1-攻速	[破碎之刃]技能攻速+15%	10101048	icon/angleskill/50002_angleskillA.png	ui/fairy_angle/026.png	110101	100180	2	9	3	10102048	10103048			1	[[110102081]]			1	1	1012084-1012085-1012086-1012087-1012088-1012089-1012090-1012091		
110102094	十香技能1-攻速	[破碎之刃]技能攻速+20%	10101049	icon/angleskill/50002_angleskillA.png	ui/fairy_angle/026.png	110101	100180	2	9	4	10102049	10103049			1	[[110102081]]	[110102101]		1	1	1012092-1012093-1012094-1012095-1012096-1012097-1012098-1012099		
110102111	十香技能1-3级	[破碎之刃]在蓄力第三段完成后,会额外释放1道剑气	10101050	icon/angleskill/50003_angleskillA.png	ui/fairy_angle/026.png	110101	100180	2	11	1	10102050	10103050			1	[[110102101]]			1	1	1012800-1012801-1012802-1012803-1012804-1012805		video/sx_2_3.mp4
110102201	十香技能1-熟能生巧	当[破碎之刃]命中目标时,有5%的几率减少目标30%防御,持续5秒	10101051	icon/angleskill/50004_angleskillA.png	ui/fairy_angle/026.png	110101	100180	2	20	1	10102051	10103051			1				1	1		10120911	
110102202	十香技能1-熟能生巧	当[破碎之刃]命中目标时,有10%的几率减少目标30%防御,持续5秒	10101052	icon/angleskill/50004_angleskillA.png	ui/fairy_angle/026.png	110101	100180	2	20	2	10102052	10103052			1				1	1		10120912	
110102203	十香技能1-熟能生巧	当[破碎之刃]命中目标时,有15%的几率减少目标30%防御,持续5秒	10101053	icon/angleskill/50004_angleskillA.png	ui/fairy_angle/026.png	110101	100180	2	20	3	10102053	10103053			1				1	1		10120913	
110102204	十香技能1-熟能生巧	当[破碎之刃]命中目标时,有20%的几率减少目标30%防御,持续5秒	10101054	icon/angleskill/50004_angleskillA.png	ui/fairy_angle/026.png	110101	100180	2	20	4	10102054	10103054			1				1	1		10120914	
110103141	十香技能2-冷却缩短	[横断一击]技能冷却时间-0.5秒	10101055	icon/angleskill/50005_angleskillA.png	ui/fairy_angle/027.png	110101	100190	3	14	1	10102055	10103055			1				1	1	1013001		
110103142	十香技能2-冷却缩短	[横断一击]技能冷却时间-0.5秒	10101056	icon/angleskill/50005_angleskillA.png	ui/fairy_angle/027.png	110101	100190	3	14	2	10102056	10103056			1				1	1	1013002		
110103143	十香技能2-冷却缩短	[横断一击]技能冷却时间-0.5秒	10101057	icon/angleskill/50005_angleskillA.png	ui/fairy_angle/027.png	110101	100190	3	14	3	10102057	10103057			1				1	1	1013003		
110103131	十香技能2-1级	[横断一击]在释放完半圆斩击后,还会向前挑飞目标	10101058	icon/angleskill/40001_angleskillA.png	ui/fairy_angle/027.png	110101	100190	3	13	1	10102058	10103058			1	[[110103084]]	[110103171]		1	1	1013800		video/sx_3_1.mp4
110103071	十香技能2-连锁打击	[横断一击]技能命中率+10%	10101059	icon/angleskill/40002_angleskillA.png	ui/fairy_angle/027.png	110101	100190	3	7	1	10102059	10103059			1			1	1	1	1013004-1013005-1013006-1013007-1013008-1013009		
110103072	十香技能2-连锁打击	[横断一击]技能命中率+20%	10101060	icon/angleskill/40002_angleskillA.png	ui/fairy_angle/027.png	110101	100190	3	7	2	10102060	10103060			1			1	1	1	1013010-1013011-1013012-1013013-1013014-1013015		
110103073	十香技能2-连锁打击	[横断一击]技能命中率+30%	10101061	icon/angleskill/40002_angleskillA.png	ui/fairy_angle/027.png	110101	100190	3	7	3	10102061	10103061			1		[110103021,110103022,110103023,110103024,110103081,110103082,110103083,110103084]	1	1	1	1013016-1013017-1013018-1013019-1013020-1013021		
110103091	十香技能2-技能强化	[横断一击]技能伤害+6%	10101062	icon/angleskill/40003_angleskillA.png	ui/fairy_angle/027.png	110101	100190	3	9	1	10102062	10103062			1	[[110103084]]			1	1	1013022-1013023-1013024-1013025-1013026-1013027		
110103092	十香技能2-技能强化	[横断一击]技能伤害+9%	10101063	icon/angleskill/40003_angleskillA.png	ui/fairy_angle/027.png	110101	100190	3	9	2	10102063	10103063			1	[[110103084]]			1	1	1013028-1013029-1013030-1013031-1013032-1013033		
110103093	十香技能2-技能强化	[横断一击]技能伤害+12%	10101064	icon/angleskill/40003_angleskillA.png	ui/fairy_angle/027.png	110101	100190	3	9	3	10102064	10103064			1	[[110103084]]			1	1	1013034-1013035-1013036-1013037-1013038-1013039		
110103094	十香技能2-技能强化	[横断一击]技能伤害+15%	10101065	icon/angleskill/40003_angleskillA.png	ui/fairy_angle/027.png	110101	100190	3	9	4	10102065	10103065			1	[[110103084]]			1	1	1013040-1013041-1013042-1013043-1013044-1013045		
110103171	十香技能2-2级	[横断一击]在半圆斩后,会向前进行2次斩击后,再挑飞目标	10101066	icon/angleskill/30001_angleskillA.png	ui/fairy_angle/027.png	110101	100190	3	17	1	10102066	10103066			1	[[110103131]]	[110103181]		1	1	1013801		video/sx_3_2.mp4
110103121	十香技能2-重伤打击	[横断一击]暴击使敌人流血,每秒受到自身攻击20%的伤害,持续5秒	10101067	icon/angleskill/30002_angleskillA.png	ui/fairy_angle/027.png	110101	100190	3	12	1	10102067	10103067			1				1	1		10130611	
110103122	十香技能2-重伤打击	[横断一击]暴击使敌人流血,每秒受到自身攻击35%的伤害,持续5秒	10101068	icon/angleskill/30002_angleskillA.png	ui/fairy_angle/027.png	110101	100190	3	12	2	10102068	10103068			1				1	1		10130612	
110103123	十香技能2-重伤打击	[横断一击]暴击使敌人流血,每秒受到自身攻击50%的伤害,持续5秒	10101069	icon/angleskill/30002_angleskillA.png	ui/fairy_angle/027.png	110101	100190	3	12	3	10102069	10103069			1				1	1		10130613	
110103021	十香技能2-势不可挡	[横断一击]使用后,格挡率+3%,持续5秒	10101070	icon/angleskill/30003_angleskillA.png	ui/fairy_angle/027.png	110101	100190	3	2	1	10102070	10103070			1	[[110103073]]			1	1		10130711	
110103022	十香技能2-势不可挡	[横断一击]使用后,格挡率+6%,持续5秒	10101071	icon/angleskill/30003_angleskillA.png	ui/fairy_angle/027.png	110101	100190	3	2	2	10102071	10103071			1	[[110103073]]			1	1		10130712	
110103023	十香技能2-势不可挡	[横断一击]使用后,格挡率+9%,持续5秒	10101072	icon/angleskill/30003_angleskillA.png	ui/fairy_angle/027.png	110101	100190	3	2	3	10102072	10103072			1	[[110103073]]			1	1		10130713	
110103024	十香技能2-势不可挡	[横断一击]使用后,格挡率+12%,持续5秒	10101073	icon/angleskill/30003_angleskillA.png	ui/fairy_angle/027.png	110101	100190	3	2	4	10102073	10103073			1	[[110103073]]			1	1		10130714	
110103181	十香技能2-3级	[横断一击]攻击范围+20%	10101074	icon/angleskill/30004_angleskillA.png	ui/fairy_angle/027.png	110101	100190	3	18	1	10102074	10103074			1	[[110103171]]			1	1	1013802		video/sx_3_3.mp4
110103081	十香技能2-强者之灾	[横断一击]对精英怪物造成5%的额外伤害	10101075	icon/angleskill/30005_angleskillA.png	ui/fairy_angle/027.png	110101	100190	3	8	1	10102075	10103075			1	[[110103073]]			1	1	1013046-1013047-1013048-1013049-1013050-1013051		
110103082	十香技能2-强者之灾	[横断一击]对精英怪物造成10%的额外伤害	10101076	icon/angleskill/30005_angleskillA.png	ui/fairy_angle/027.png	110101	100190	3	8	2	10102076	10103076			1	[[110103073]]			1	1	1013052-1013053-1013054-1013055-1013056-1013057		
110103083	十香技能2-强者之灾	[横断一击]对精英怪物造成15%的额外伤害	10101077	icon/angleskill/30005_angleskillA.png	ui/fairy_angle/027.png	110101	100190	3	8	3	10102077	10103077			1	[[110103073]]			1	1	1013058-1013059-1013060-1013061-1013062-1013063		
110103084	十香技能2-强者之灾	[横断一击]对精英怪物造成20%的额外伤害	10101078	icon/angleskill/30005_angleskillA.png	ui/fairy_angle/027.png	110101	100190	3	8	4	10102078	10103078			1	[[110103073]]	[110103131,110103091,110103092,110103093,110103094]		1	1	1013064-1013065-1013066-1013067-1013068-1013069		
110104101	十香必杀-技能强化	[杀意连斩]技能伤害+10%	10101079	icon/angleskill/30006_angleskillA.png	ui/fairy_angle/025.png	110101	100120	4	10	1	10102079	10103079			1			1	1	1	1014001-1014002-1014003-1014004-1014005		
110104102	十香必杀-技能强化	[杀意连斩]技能伤害+15%	10101080	icon/angleskill/30006_angleskillA.png	ui/fairy_angle/025.png	110101	100120	4	10	2	10102080	10103080			1			1	1	1	1014006-1014007-1014008-1014009-1014010		
110104103	十香必杀-技能强化	[杀意连斩]技能伤害+20%	10101081	icon/angleskill/30006_angleskillA.png	ui/fairy_angle/025.png	110101	100120	4	10	3	10102081	10103081			1			1	1	1	1014011-1014012-1014013-1014014-1014015		
110104104	十香必杀-技能强化	[杀意连斩]技能伤害+25%	10101082	icon/angleskill/30006_angleskillA.png	ui/fairy_angle/025.png	110101	100120	4	10	4	10102082	10103082			1		[110104111]	1	1	1	1014016-1014017-1014018-1014019-1014020		
110104111	十香必杀-1级	[杀意连斩]将额外释放5道剑气	10101083	icon/angleskill/20001_angleskillA.png	ui/fairy_angle/025.png	110101	100120	4	11	1	10102083	10103083			1	[[110104104]]	[110104121,110104181,110104182,110104183,110104184]		1	1	1014800		video/sx_4_1.mp4
110104131	十香必杀-尖锐剑气	[杀意连斩]技能穿透率+3%	10101084	icon/angleskill/20002_angleskillA.png	ui/fairy_angle/025.png	110101	100120	4	13	1	10102084	10103084			1	[[110104121]]			1	1	1014021-1014022-1014023-1014024-1014025		
110104132	十香必杀-尖锐剑气	[杀意连斩]技能穿透率+5%	10101085	icon/angleskill/20002_angleskillA.png	ui/fairy_angle/025.png	110101	100120	4	13	2	10102085	10103085			1	[[110104121]]			1	1	1014026-1014027-1014028-1014029-1014030		
110104133	十香必杀-尖锐剑气	[杀意连斩]技能穿透率+7%	10101086	icon/angleskill/20002_angleskillA.png	ui/fairy_angle/025.png	110101	100120	4	13	3	10102086	10103086			1	[[110104121]]			1	1	1014031-1014032-1014033-1014034-1014035		
110104134	十香必杀-尖锐剑气	[杀意连斩]技能穿透率+10%	10101087	icon/angleskill/20002_angleskillA.png	ui/fairy_angle/025.png	110101	100120	4	13	4	10102087	10103087			1	[[110104121]]	[110104141]		1	1	1014036-1014037-1014038-1014039-1014040		
110104171	十香必杀-冷却缩短	[杀意连斩]技能冷却时间-0.5秒	10101088	icon/angleskill/10101_angleskillA.png	ui/fairy_angle/025.png	110101	100120	4	17	1	10102088	10103088			1				1	1	1014041		
110104172	十香必杀-冷却缩短	[杀意连斩]技能冷却时间-1秒	10101089	icon/angleskill/10101_angleskillA.png	ui/fairy_angle/025.png	110101	100120	4	17	2	10102089	10103089			1				1	1	1014042		
110104173	十香必杀-冷却缩短	[杀意连斩]技能冷却时间-1.5秒	10101090	icon/angleskill/10101_angleskillA.png	ui/fairy_angle/025.png	110101	100120	4	17	3	10102090	10103090			1				1	1	1014043		
110104121	十香必杀-2级	[杀意连斩]将额外释放7道剑气	10101091	icon/angleskill/10102_angleskillA.png	ui/fairy_angle/025.png	110101	100120	4	12	1	10102091	10103091			1	[[110104111]]	[110104131,110104132,110104133,110104134,110104041,110104042,110104043]		1	1	1014800-1014801		video/sx_4_2.mp4
110104041	十香必杀-狂暴	[杀意连斩]技能暴击率+3%	10101092	icon/angleskill/10102_angleskillA.png	ui/fairy_angle/025.png	110101	100120	4	4	1	10102092	10103092			1	[[110104121]]			1	1	1014064-1014065-1014066-1014067-1014068		
110104042	十香必杀-狂暴	[杀意连斩]技能暴击率+6%	10101093	icon/angleskill/10102_angleskillA.png	ui/fairy_angle/025.png	110101	100120	4	4	2	10102093	10103093			1	[[110104121]]			1	1	1014069-1014070-1014071-1014072-1014073		
110104043	十香必杀-狂暴	[杀意连斩]技能暴击率+9%	10101094	icon/angleskill/10102_angleskillA.png	ui/fairy_angle/025.png	110101	100120	4	4	3	10102094	10103094			1	[[110104121]]			1	1	1014074-1014075-1014076-1014077-1014078		
110104031	十香必杀-惩罚	当[杀意连斩]命中同一目标时,每次命中伤害+5%	10101095	icon/angleskill/10103_angleskillA.png	ui/fairy_angle/025.png	110101	100120	4	3	1	10102095	10103095			1				1	1		10140711	
110104032	十香必杀-惩罚	当[杀意连斩]命中同一目标时,每次命中伤害+10%	10101096	icon/angleskill/10103_angleskillA.png	ui/fairy_angle/025.png	110101	100120	4	3	2	10102096	10103096			1				1	1		10140712	
110104033	十香必杀-惩罚	当[杀意连斩]命中同一目标时,每次命中伤害+15%	10101097	icon/angleskill/10103_angleskillA.png	ui/fairy_angle/025.png	110101	100120	4	3	3	10102097	10103097			1				1	1		10140713	
110104034	十香必杀-惩罚	当[杀意连斩]命中同一目标时,每次命中伤害+20%	10101098	icon/angleskill/10103_angleskillA.png	ui/fairy_angle/025.png	110101	100120	4	3	4	10102098	10103098			1				1	1		10140714	
110104141	十香必杀-3级	[杀意连斩]在结束时还将额外释放3道剑气	10101099	icon/angleskill/10104_angleskillA.png	ui/fairy_angle/025.png	110101	100120	4	14	1	10102099	10103099			1	[[110104134]]			1	1	1014800-1014801-1014800-1014802		video/sx_4_3.mp4
110104181	十香必杀-强者之灾	[杀意连斩]对精英怪物造成6%的额外伤害	10101100	icon/angleskill/10105_angleskillA.png	ui/fairy_angle/025.png	110101	100120	4	18	1	10102100	10103100			1	[[110104111]]			1	1	1014044-1014045-1014046-1014047-1014048		
110104182	十香必杀-强者之灾	[杀意连斩]对精英怪物造成9%的额外伤害	10101101	icon/angleskill/10105_angleskillA.png	ui/fairy_angle/025.png	110101	100120	4	18	2	10102101	10103101			1	[[110104111]]			1	1	1014049-1014050-1014051-1014052-1014053		
110104183	十香必杀-强者之灾	[杀意连斩]对精英怪物造成12%的额外伤害	10101102	icon/angleskill/10105_angleskillA.png	ui/fairy_angle/025.png	110101	100120	4	18	3	10102102	10103102			1	[[110104111]]			1	1	1014054-1014055-1014056-1014057-1014058		
110104184	十香必杀-强者之灾	[杀意连斩]对精英怪物造成15%的额外伤害	10101103	icon/angleskill/10105_angleskillA.png	ui/fairy_angle/025.png	110101	100120	4	18	4	10102103	10103103			1	[[110104111]]			1	1	1014059-1014060-1014061-1014062-1014063		
110110011	十香被动-伤害提升	普攻伤害+50%	10101104	icon/angleskill/10106_angleskillA.png		110101		10	1	1	10102104	10103104							1			10170111	
110110021	十香被动-狂战印记	近战命中目标后将获得1层狂战印记,每层狂战印记使自身伤害+5%,持续3s,狂战印记最多叠加5层。	10101105	icon/angleskill/10107_angleskillA.png		110101		10	2	1	10102105	10103105							2			10170211	
110110031	十香被动-好戏开场	每当连击数达到10/20/30/40时,伤害+10%/20%/30%/40%。	10101106	icon/angleskill/10108_angleskillA.png		110101		10	3	1	10102106	10103106							3			10170311-10170321-10170331-10170341	
110110041	十香被动-生存本能	当前生命值每降低10%,防御+10%	10101107	icon/angleskill/10109_angleskillA.png		110101		10	4	1	10102107	10103107							3			10170411	
110110051	十香被动-坚守意志	格挡率+10%,每次格挡恢复2%最大生命值。	10101108	icon/angleskill/10110_angleskillA.png		110101		10	5	1	10102108	10103108							4			10170511-10170521	
110110061	十香被动-绝佳状态	生命值大于70%时,攻击+30%	10101109	icon/angleskill/10111_angleskillA.png		110101		10	6	1	10102109	10103109							4			10170611	
110110071	十香被动-破碎极意	当技能1蓄力1次/2次/3次时,伤害+10%/20%/30%。	10101110	icon/angleskill/10112_angleskillA.png		110101		10	7	1	10102110	10103110							5		1015038-1015039-1015040-1015041-1015042-1015043-1015044		
110110081	十香被动-致命横断	技能2伤害+20%,同时对处于减益效果的敌人伤害+50%	10101111	icon/angleskill/10113_angleskillA.png		110101		10	8	1	10102111	10103111							5			10170811-1017021	
110110091	十香被动-残留杀意	必杀命中目标后,5秒内剑气造成的伤害提高5%,最多可叠加5层	10101112	icon/angleskill/10114_angleskillA.png		110101		10	9	1	10102112	10103112							6			10170911	
110110101	十香被动-致残气息	剑气命中敌人时,会减速敌人30%移动速度	10101113	icon/angleskill/10115_angleskillA.png		110101		10	10	1	10102113	10103113							6			10171011-10171021	
110110111	十香被动-虐杀气息	剑气暴击率+20%,暴击伤害+50%	10101114	icon/angleskill/10116_angleskillA.png		110101		10	11	1	10102114	10103114							7		1015001-1015002-1015003-1015004-1015005-1015006-1015007-1015008-1015009-1015010-1015011-1015012-1015013-1015014-1015015-1015016-1015017-1015018-1015019-1015020-1015021-1015022-1015023-1015024-1015025-1015026-1015027-1015028-1015029-1015030-1015031-1015032-1015033-1015034		
110110121	十香被动-专注气息	剑气对生命值高于70%的目标伤害+50%	10101115	icon/angleskill/10117_angleskillA.png		110101		10	12	1	10102115	10103115							7			10171211	
110110131	十香被动-守护护盾	当单次受伤大于最大生命值的15%时,将获得最大生命值30%的护盾,冷却30秒。	10101116	icon/angleskill/10118_angleskillA.png		110101		10	13	1	10102116	10103116							8			10171311	
110110141	十香被动-全场瞩目	出场后15秒内,攻击和防御分别+50%,30%	10101117	icon/angleskill/10119_angleskillA.png		110101		10	14	1	10102117	10103117							9			10171411	
110110151	十香被动-连战连捷	每次击杀目标,都有20%的几率恢复5%的最大生命值	10101118	icon/angleskill/10120_angleskillA.png		110101		10	15	1	10102118	10103118							10			10171511	
110110161	十香被动-界限突破	技能1冷却时间-2秒,技能2冷却时间-1秒,必杀冷却时间-3秒	10101119	icon/angleskill/10121_angleskillA.png		110101		10	16	1	10102119	10103119							11		1015035-1015036-1015037		
110206011	折纸觉醒-1级	折纸觉醒-1级	10201001	icon/angleskill/10101_angleskillA.png		110201	100230	6	1	1	10202001	10203001			1				1	1			
110206012	折纸觉醒-2级	折纸觉醒-2级	10201002	icon/angleskill/10001_angleskillA.png		110201	100230	6	1	2	10202002	10203002			1				1	1			
110206013	折纸觉醒-3级	折纸觉醒-3级	10201003	icon/angleskill/10001_angleskillA.png		110201	100230	6	1	3	10202003	10203003			1				1	1			
110206014	折纸觉醒-4级	折纸觉醒-4级	10201004	icon/angleskill/10001_angleskillA.png		110201	100230	6	1	4	10202004	10203004			1				1	1			
110201131	折纸普攻-精灵之敌	普攻对精灵伤害+5%	10201005	icon/angleskill/10002_angleskillA.png	ui/fairy_angle/024.png	110201	100210	1	13	1	10202005	10203005			1	[[110201061]]			1	1	1021001-1021002-1021003-1021004-1021005		
110201132	折纸普攻-精灵之敌	普攻对精灵伤害+10%	10201006	icon/angleskill/10002_angleskillA.png	ui/fairy_angle/024.png	110201	100210	1	13	2	10202006	10203006			1	[[110201061]]			1	1	1021006-1021007-1021008-1021009-1021010		
110201133	折纸普攻-精灵之敌	普攻对精灵伤害+15%	10201007	icon/angleskill/10002_angleskillA.png	ui/fairy_angle/024.png	110201	100210	1	13	3	10202007	10203007			1	[[110201061]]	[110201171,110201172,110201173,110201174]		1	1	1021011-1021012-1021013-1021014-1021015		
110201061	折纸普攻-剑术高手	折纸普攻连续释放4段攻击	10201008	icon/angleskill/10101_angleskillA.png	ui/fairy_angle/024.png	110201	100210	1	6	1	10202008	10203008			1	[[110201024]]	[110201131,110201132,110201133,110201081,110201082,110201083]		1	1	1021801		video/zz_1_1.mp4
110201021	折纸普攻-负载式加速器	普攻攻速+3%	10201009	icon/angleskill/10102_angleskillA.png	ui/fairy_angle/024.png	110201	100210	1	2	1	10202009	10203009			1			1	1	1	1021016-1021017-1021018-1021019-1021020		
110201022	折纸普攻-负载式加速器	普攻攻速+6%	10201010	icon/angleskill/10102_angleskillA.png	ui/fairy_angle/024.png	110201	100210	1	2	2	10202010	10203010			1			1	1	1	1021021-1021022-1021023-1021024-1021025		
110201023	折纸普攻-负载式加速器	普攻攻速+9%	10201011	icon/angleskill/10102_angleskillA.png	ui/fairy_angle/024.png	110201	100210	1	2	3	10202011	10203011			1			1	1	1	1021026-1021027-1021028-1021029-1021030		
110201024	折纸普攻-负载式加速器	普攻攻速+12%	10201012	icon/angleskill/10102_angleskillA.png	ui/fairy_angle/024.png	110201	100210	1	2	4	10202012	10203012			1		[110201061]	1	1	1	1021031-1021032-1021033-1021034-1021035		
110201081	折纸普攻-强者之灾	普攻对精英怪物造成4%的额外伤害	10201013	icon/angleskill/10103_angleskillA.png	ui/fairy_angle/024.png	110201	100210	1	8	1	10202013	10203013			1	[[110201061]]			1	1	1021036-1021037-1021038-1021039-1021040		
110201082	折纸普攻-强者之灾	普攻对精英怪物造成8%的额外伤害	10201014	icon/angleskill/10103_angleskillA.png	ui/fairy_angle/024.png	110201	100210	1	8	2	10202014	10203014			1	[[110201061]]			1	1	1021041-1021042-1021043-1021044-1021045		
110201083	折纸普攻-强者之灾	普攻对精英怪物造成12%的额外伤害	10201015	icon/angleskill/10103_angleskillA.png	ui/fairy_angle/024.png	110201	100210	1	8	3	10202015	10203015			1	[[110201061]]	[110201111,110201112,110201113,110201114]		1	1	1021046-1021047-1021048-1021049-1021050		
110201181	折纸普攻-剑术专家	折纸普攻连续释放5段攻击	10201016	icon/angleskill/10104_angleskillA.png	ui/fairy_angle/024.png	110201	100210	1	18	1	10202016	10203016			1	[[110201114]]	[110201221]		1	1	1021802		video/zz_1_2.mp4
110201121	折纸普攻-精确连击	普攻暴击后,暴击率+2%,持续5秒,不可叠加替换	10201017	icon/angleskill/10105_angleskillA.png	ui/fairy_angle/024.png	110201	100210	1	12	1	10202017	10203017			1				1	1		10310611	
110201122	折纸普攻-精确连击	普攻暴击后,暴击率+4%,持续5秒,不可叠加替换	10201018	icon/angleskill/10105_angleskillA.png	ui/fairy_angle/024.png	110201	100210	1	12	2	10202018	10203018			1				1	1		10310612	
110201123	折纸普攻-精确连击	普攻暴击后,暴击率+6%,持续5秒,不可叠加替换	10201019	icon/angleskill/10105_angleskillA.png	ui/fairy_angle/024.png	110201	100210	1	12	3	10202019	10203019			1				1	1		10310613	
110201171	折纸普攻-穿透之刑	普攻穿透率+3%	10201020	icon/angleskill/10106_angleskillA.png	ui/fairy_angle/024.png	110201	100210	1	17	1	10202020	10203020			1	[[110201133]]			1	1	1021051-1021052-1021053-1021054-1021055		
110201172	折纸普攻-穿透之刑	普攻穿透率+5%	10201021	icon/angleskill/10106_angleskillA.png	ui/fairy_angle/024.png	110201	100210	1	17	2	10202021	10203021			1	[[110201133]]			1	1	1021056-1021057-1021058-1021059-1021060		
110201173	折纸普攻-穿透之刑	普攻穿透率+7%	10201022	icon/angleskill/10106_angleskillA.png	ui/fairy_angle/024.png	110201	100210	1	17	3	10202022	10203022			1	[[110201133]]			1	1	1021061-1021062-1021063-1021064-1021065		
110201174	折纸普攻-穿透之刑	普攻穿透率+10%	10201023	icon/angleskill/10106_angleskillA.png	ui/fairy_angle/024.png	110201	100210	1	17	4	10202023	10203023			1	[[110201133]]			1	1	1021066-1021067-1021068-1021069-1021070		
110201221	折纸普攻-剑术大师		10201024	icon/angleskill/10107_angleskillA.png	ui/fairy_angle/024.png	110201	100210	1	22	1	10202024	10203024			1	[[110201181]]			1	1	1021803		video/zz_1_3.mp4
110201111	折纸普攻-强化魔力输出	普攻伤害+5%	10201025	icon/angleskill/10108_angleskillA.png	ui/fairy_angle/024.png	110201	100210	1	11	1	10202025	10203025			1	[[110201083]]			1	1	1021071-1021072-1021073-1021074-1021075		
110201112	折纸普攻-强化魔力输出	普攻伤害+10%	10201026	icon/angleskill/10108_angleskillA.png	ui/fairy_angle/024.png	110201	100210	1	11	2	10202026	10203026			1	[[110201083]]			1	1	1021076-1021077-1021078-1021079-1021080		
110201113	折纸普攻-强化魔力输出	普攻伤害+15%	10201027	icon/angleskill/10108_angleskillA.png	ui/fairy_angle/024.png	110201	100210	1	11	3	10202027	10203027			1	[[110201083]]			1	1	1021081-1021082-1021083-1021084-1021085		
110201114	折纸普攻-强化魔力输出	普攻伤害+20%	10201028	icon/angleskill/10108_angleskillA.png	ui/fairy_angle/024.png	110201	100210	1	11	4	10202028	10203028			1	[[110201083]]	[110201181]		1	1	1021086-1021087-1021088-1021089-1021090		
110202051	折纸技能1-伤害提升	[充能斩击]技能伤害+5%	10201029	icon/angleskill/10109_angleskillA.png	ui/fairy_angle/026.png	110201	100270	2	5	1	10202029	10203029			1	[[110202061]]			1	1	1022001-1022002-1022003-1022004-1022005-1022006		
110202052	折纸技能1-伤害提升	[充能斩击]技能伤害+10%	10201030	icon/angleskill/10109_angleskillA.png	ui/fairy_angle/026.png	110201	100270	2	5	2	10202030	10203030			1	[[110202061]]			1	1	1022007-1022008-1022009-1022010-1022011-1022012		
110202053	折纸技能1-伤害提升	[充能斩击]技能伤害+15%	10201031	icon/angleskill/10109_angleskillA.png	ui/fairy_angle/026.png	110201	100270	2	5	3	10202031	10203031			1	[[110202061]]			1	1	1022013-1022014-1022015-1022016-1022017-1022018		
110202054	折纸技能1-伤害提升	[充能斩击]技能伤害+20%	10201032	icon/angleskill/10109_angleskillA.png	ui/fairy_angle/026.png	110201	100270	2	5	4	10202032	10203032			1	[[110202061]]	[110202091]		1	1	1022018-1022019-1022020-1022021-1022022-1022023		
110202061	折纸技能1-闪电连击	[充能斩击]向前方快速斩击的次数增加到8次	10201033	icon/angleskill/10110_angleskillA.png	ui/fairy_angle/026.png	110201	100270	2	6	1	10202033	10203033			1	[[110202073]]	[110202051,110202052,110202053,110202054]		1	1	1022801		video/zz_2_1.mp4
110202241	折纸技能1-能量控制	[充能斩击]能量值消耗-1	10201034	icon/angleskill/10111_angleskillA.png	ui/fairy_angle/026.png	110201	100270	2	24	1	10202034	10203034			1				1	1	1022025		
110202242	折纸技能1-能量控制	[充能斩击]能量值消耗-2	10201035	icon/angleskill/10111_angleskillA.png	ui/fairy_angle/026.png	110201	100270	2	24	2	10202035	10203035			1				1	1	1022026		
110202243	折纸技能1-能量控制	[充能斩击]能量值消耗-3	10201036	icon/angleskill/10111_angleskillA.png	ui/fairy_angle/026.png	110201	100270	2	24	3	10202036	10203036			1				1	1	1022027		
110202071	折纸技能1-弱点打击	[充能斩击]对精英怪伤害+4%	10201037	icon/angleskill/10112_angleskillA.png	ui/fairy_angle/026.png	110201	100270	2	7	1	10202037	10203037			1			1	1	1	1022028-1022029-1022030-1022031-1022032-1022033		
110202072	折纸技能1-弱点打击	[充能斩击]对精英怪伤害+8%	10201038	icon/angleskill/10112_angleskillA.png	ui/fairy_angle/026.png	110201	100270	2	7	2	10202038	10203038			1			1	1	1	1022034-1022035-1022036-1022037-1022038-1022039		
110202073	折纸技能1-弱点打击	[充能斩击]对精英怪伤害+12%	10201039	icon/angleskill/10112_angleskillA.png	ui/fairy_angle/026.png	110201	100270	2	7	3	10202039	10203039			1		[110202061]	1	1	1	1022040-1022041-1022042-1022043-1022044-1022045		
110202091	折纸技能1-灵巧反应	[充能斩击]在8次斩击完后还将对目标进行一次上挑	10201040	icon/angleskill/10113_angleskillA.png	ui/fairy_angle/026.png	110201	100270	2	9	1	10202040	10203040			1	[[110202054]]	[110202151,110202152,110202153,110202154]		1	1	1022802		video/zz_2_2.mp4
110202011	折纸技能1-战术闪避	[充能斩击]使用后,获得10%的闪避率,持续5秒	10201041	icon/angleskill/10114_angleskillA.png	ui/fairy_angle/026.png	110201	100270	2	1	1	10202041	10203041			1				1	1		10320611	
110202012	折纸技能1-战术闪避	[充能斩击]使用后,获得15%的闪避率,持续5秒	10201042	icon/angleskill/10114_angleskillA.png	ui/fairy_angle/026.png	110201	100270	2	1	2	10202042	10203042			1				1	1		10320612	
110202013	折纸技能1-战术闪避	[充能斩击]使用后,获得20%的闪避率,持续5秒	10201043	icon/angleskill/10114_angleskillA.png	ui/fairy_angle/026.png	110201	100270	2	1	3	10202043	10203043			1				1	1		10320613	
110202014	折纸技能1-战术闪避	[充能斩击]使用后,获得25%的闪避率,持续5秒	10201044	icon/angleskill/10114_angleskillA.png	ui/fairy_angle/026.png	110201	100270	2	1	4	10202044	10203044			1				1	1		10320614	
110202081	折纸技能1-量子加速器	[充能斩击]技能攻速+3%	10201045	icon/angleskill/10115_angleskillA.png	ui/fairy_angle/026.png	110201	100270	2	8	1	10202045	10203045			1				1	1	1022046-1022047-1022048-1022049		
110202082	折纸技能1-量子加速器	[充能斩击]技能攻速+6%	10201046	icon/angleskill/10115_angleskillA.png	ui/fairy_angle/026.png	110201	100270	2	8	2	10202046	10203046			1				1	1	1022050-1022051-1022052-1022053		
110202083	折纸技能1-量子加速器	[充能斩击]技能攻速+9%	10201047	icon/angleskill/10115_angleskillA.png	ui/fairy_angle/026.png	110201	100270	2	8	3	10202047	10203047			1				1	1	1022054-1022055-1022056-1022057		
110202161	折纸技能1-闪电掠袭	[充能斩击]攻击范围+20%	10201048	icon/angleskill/10116_angleskillA.png	ui/fairy_angle/026.png	110201	100270	2	16	1	10202048	10203048			1	[[110202154]]			1	1	1022803		video/zz_2_3.mp4
110202151	折纸技能1-棱光剑刃	[充能斩击]暴击时,还将对目标造成1次攻击力10%的额外伤害	10201049	icon/angleskill/10117_angleskillA.png	ui/fairy_angle/026.png	110201	100270	2	15	1	10202049	10203049			1	[[110202091]]			1	1		10320911	
110202152	折纸技能1-棱光剑刃	[充能斩击]暴击时,还将对目标造成1次攻击力15%的额外伤害	10201050	icon/angleskill/10117_angleskillA.png	ui/fairy_angle/026.png	110201	100270	2	15	2	10202050	10203050			1	[[110202091]]			1	1		10320912	
110202153	折纸技能1-棱光剑刃	[充能斩击]暴击时,还将对目标造成1次攻击力20%的额外伤害	10201051	icon/angleskill/10117_angleskillA.png	ui/fairy_angle/026.png	110201	100270	2	15	3	10202051	10203051			1	[[110202091]]			1	1		10320913	
110202154	折纸技能1-棱光剑刃	[充能斩击]暴击时,还将对目标造成1次攻击力25%的额外伤害	10201052	icon/angleskill/10117_angleskillA.png	ui/fairy_angle/026.png	110201	100270	2	15	4	10202052	10203052			1	[[110202091]]	[110202161]		1	1		10320914	
110203171	折纸技能2-重伤裂片	[All-Dist加特林]暴击率+2%	10201053	icon/angleskill/10118_angleskillA.png	ui/fairy_angle/027.png	110201	100280	3	17	1	10202053	10203053			1	[[110203131]]			1	1	1023059-1023060-1023061-1023062-1023063		
110203172	折纸技能2-重伤裂片	[All-Dist加特林]暴击率+4%	10201054	icon/angleskill/10118_angleskillA.png	ui/fairy_angle/027.png	110201	100280	3	17	2	10202054	10203054			1	[[110203131]]			1	1	1023064-1023065-1023066-1023067-1023068		
110203173	折纸技能2-重伤裂片	[All-Dist加特林]暴击率+6%	10201055	icon/angleskill/10118_angleskillA.png	ui/fairy_angle/027.png	110201	100280	3	17	3	10202055	10203055			1	[[110203131]]	[110203181,110203182,110203183,110203184]		1	1	1023069-1023070-1023071-1023072-1023073		
110203131	折纸技能2-1级	格林机枪发射子弹的数量增加到20枚	10201056	icon/angleskill/10118_angleskillA.png	ui/fairy_angle/027.png	110201	100280	3	13	1	10202056	10203056			1	[[110203123]]	[110203171,110203172,110203173]		1	1	1023801		video/zz_3_1.mp4
110203141	折纸技能2-强化机匣	[All-Dist加特林]技能伤害+5%	10201057	icon/angleskill/10119_angleskillA.png	ui/fairy_angle/027.png	110201	100280	3	14	1	10202057	10203057			1	[[110203184]]			1	1	1023001-1023002-1023003-1023004-1023005		
110203142	折纸技能2-强化机匣	[All-Dist加特林]技能伤害+5%	10201058	icon/angleskill/10119_angleskillA.png	ui/fairy_angle/027.png	110201	100280	3	14	2	10202058	10203058			1	[[110203184]]			1	1	1023006-1023007-1023008-1023009-1023010		
110203143	折纸技能2-强化机匣	[All-Dist加特林]技能伤害+5%	10201059	icon/angleskill/10119_angleskillA.png	ui/fairy_angle/027.png	110201	100280	3	14	3	10202059	10203059			1	[[110203184]]			1	1	1023011-1023012-1023013-1023014-1023015		
110203144	折纸技能2-强化机匣	[All-Dist加特林]技能伤害+5%	10201060	icon/angleskill/10119_angleskillA.png	ui/fairy_angle/027.png	110201	100280	3	14	4	10202060	10203060			1	[[110203184]]	[110203091]		1	1	1023016-1023017-1023018-1023019-1023020		
110203121	折纸技能2-校准射击	[All-Dist加特林]能量值消耗-1	10201061	icon/angleskill/10120_angleskillA.png	ui/fairy_angle/027.png	110201	100280	3	12	1	10202061	10203061			1	[[110203073]]			1	1	1023021		
110203122	折纸技能2-校准射击	[All-Dist加特林]能量值消耗-2	10201062	icon/angleskill/10120_angleskillA.png	ui/fairy_angle/027.png	110201	100280	3	12	2	10202062	10203062			1	[[110203073]]			1	1	1023022		
110203123	折纸技能2-校准射击	[All-Dist加特林]能量值消耗-3	10201063	icon/angleskill/10120_angleskillA.png	ui/fairy_angle/027.png	110201	100280	3	12	3	10202063	10203063			1	[[110203073]]	[110203131]		1	1	1023023		
110203091	折纸技能2-火力覆盖	具象出2挺格林机枪,每挺机枪发射20枚子弹	10201064	icon/angleskill/10121_angleskillA.png	ui/fairy_angle/027.png	110201	100280	3	9	1	10202064	10203064			1	[[110203144]]	[110203141,110203142,110203143,110203144,110203041]		1	1	1023802		video/zz_3_2.mp4
110203071	折纸技能2-精英可信	[All-Dist加特林]对精英怪伤害+4%	10201065	icon/angleskill/10122_angleskillA.png	ui/fairy_angle/027.png	110201	100280	3	7	1	10202065	10203065			1			1	1	1	1023024-1023025-1023026-1023027-1023028		
110203072	折纸技能2-精英可信	[All-Dist加特林]对精英怪伤害+8%	10201066	icon/angleskill/10122_angleskillA.png	ui/fairy_angle/027.png	110201	100280	3	7	2	10202066	10203066			1			1	1	1	1023029-1023030-1023031-1023032-1023033		
110203073	折纸技能2-精英可信	[All-Dist加特林]对精英怪伤害+12%	10201067	icon/angleskill/10122_angleskillA.png	ui/fairy_angle/027.png	110201	100280	3	7	3	10202067	10203067			1		[110203121,110203122,110203123,110203081,110203082,110203083,110203084]	1	1	1	1023034-1023035-1023036-1023037-1023038		
110203181	折纸技能2-AP-穿甲弹	[All-Dist加特林]技能穿透率+3%	10201068	icon/angleskill/20001_angleskillA.png	ui/fairy_angle/027.png	110201	100280	3	18	1	10202068	10203068			1	[[110203173]]			1	1	1023039-1023040-1023041-1023042-1023043		
110203182	折纸技能2-AP-穿甲弹	[All-Dist加特林]技能穿透率+5%	10201069	icon/angleskill/20001_angleskillA.png	ui/fairy_angle/027.png	110201	100280	3	18	2	10202069	10203069			1	[[110203173]]			1	1	1023044-1023045-1023046-1023047-1023048		
110203183	折纸技能2-AP-穿甲弹	[All-Dist加特林]技能穿透率+7%	10201070	icon/angleskill/20001_angleskillA.png	ui/fairy_angle/027.png	110201	100280	3	18	3	10202070	10203070			1	[[110203173]]			1	1	1023049-1023050-1023051-1023052-1023053		
110203184	折纸技能2-AP-穿甲弹	[All-Dist加特林]技能穿透率+10%	10201071	icon/angleskill/20001_angleskillA.png	ui/fairy_angle/027.png	110201	100280	3	18	4	10202071	10203071			1	[[110203173]]	[110203184]		1	1	1023054-1023055-1023056-1023057-1023058		
110203041	折纸技能2-定位炮台	在2挺格林枪子弹发射完后,还将具象出激光炮对前方的敌人进行轰击	10201072	icon/angleskill/20002_angleskillA.png	ui/fairy_angle/027.png	110201	100280	3	4	1	10202072	10203072			1	[[110203091]]			1	1	1023803		video/zz_3_3.mp4
110203081	折纸技能2-护盾破快	被技能[All-Dist加特林]命中的目标,防御力减少10%	10201073	icon/angleskill/30001_angleskillA.png	ui/fairy_angle/027.png	110201	100280	3	8	1	10202073	10203073			1	[[110203073]]			1	1		10330811	
110203082	折纸技能2-护盾破快	被技能[All-Dist加特林]命中的目标,防御力减少15%	10201074	icon/angleskill/30001_angleskillA.png	ui/fairy_angle/027.png	110201	100280	3	8	2	10202074	10203074			1	[[110203073]]			1	1		10330812	
110203083	折纸技能2-护盾破快	被技能[All-Dist加特林]命中的目标,防御力减少20%	10201075	icon/angleskill/30001_angleskillA.png	ui/fairy_angle/027.png	110201	100280	3	8	3	10202075	10203075			1	[[110203073]]			1	1		10330813	
110203084	折纸技能2-护盾破快	被技能[All-Dist加特林]命中的目标,防御力减少25%	10201076	icon/angleskill/30001_angleskillA.png	ui/fairy_angle/027.png	110201	100280	3	8	4	10202076	10203076			1	[[110203073]]			1	1		10330814	
110204031	折纸必杀-高爆火药	[毁灭弹幕]技能伤害+5%	10201077	icon/angleskill/30002_angleskillA.png	ui/fairy_angle/025.png	110201	100220	4	3	1	10202077	10203077			1	[[110204023]]			1	1	1024001-1024002-1024003-1024004-1024005-1024006-1024007		
110204032	折纸必杀-高爆火药	[毁灭弹幕]技能伤害+15%	10201078	icon/angleskill/30002_angleskillA.png	ui/fairy_angle/025.png	110201	100220	4	3	2	10202078	10203078			1	[[110204023]]			1	1	1024008-1024009-1024010-1024011-1024012-1024013-1024014		
110204033	折纸必杀-高爆火药	[毁灭弹幕]技能伤害+20%	10201079	icon/angleskill/30002_angleskillA.png	ui/fairy_angle/025.png	110201	100220	4	3	3	10202079	10203079			1	[[110204023]]			1	1	1024015-1024016-1024017-1024018-1024019-1024020-1024021		
110204034	折纸必杀-高爆火药	[毁灭弹幕]技能伤害+25%	10201080	icon/angleskill/30002_angleskillA.png	ui/fairy_angle/025.png	110201	100220	4	3	4	10202080	10203080			1	[[110204023]]	[110204071,110204072,110204073,110204074]		1	1	1024022-1024023-1024024-1024025-1024026-1024027-1024028		
110204101	折纸必杀-熔融弹头	[毁灭弹幕]导弹个数增加,范围扩大,并且会在地面形成持续的火焰伤害	10201082	icon/angleskill/30003_angleskillA.png	ui/fairy_angle/025.png	110201	100220	4	10	1	10202082	10203082			1		[110204021,110204022,110204023,110204191,110204192,110204193]	1	1	1	1024801		video/zz_4_1.mp4
110204131	折纸必杀-精确制导	[毁灭弹幕]技能暴击伤害+8%	10201083	icon/angleskill/30004_angleskillA.png	ui/fairy_angle/025.png	110201	100220	4	13	1	10202083	10203083			1	[[110204123]]			1	1	1024029-1024030-1024031-1024032-1024033-1024034-1024035		
110204132	折纸必杀-精确制导	[毁灭弹幕]技能暴击伤害+16%	10201084	icon/angleskill/30004_angleskillA.png	ui/fairy_angle/025.png	110201	100220	4	13	2	10202084	10203084			1	[[110204123]]			1	1	1024036-1024037-1024038-1024039-1024040-1024041-1024042		
110204133	折纸必杀-精确制导	[毁灭弹幕]技能暴击伤害+24%	10201085	icon/angleskill/30004_angleskillA.png	ui/fairy_angle/025.png	110201	100220	4	13	3	10202085	10203085			1	[[110204123]]			1	1	1024043-1024044-1024045-1024046-1024047-1024048-1024049		
110204134	折纸必杀-精确制导	[毁灭弹幕]技能暴击伤害+32%	10201086	icon/angleskill/30004_angleskillA.png	ui/fairy_angle/025.png	110201	100220	4	13	4	10202086	10203086			1	[[110204123]]	[110204091]		1	1	1024050-1024051-1024052-1024053-1024054-1024055-1024056		
110204021	折纸必杀-链式装填装置	[毁灭弹幕]能量值消耗-1	10201087	icon/angleskill/30005_angleskillA.png	ui/fairy_angle/025.png	110201	100220	4	2	1	10202087	10203087			1	[[110204101]]			1	1	1024057		
110204022	折纸必杀-链式装填装置	[毁灭弹幕]能量值消耗-2	10201088	icon/angleskill/30005_angleskillA.png	ui/fairy_angle/025.png	110201	100220	4	2	2	10202088	10203088			1	[[110204101]]			1	1	1024058		
110204023	折纸必杀-链式装填装置	[毁灭弹幕]能量值消耗-3	10201089	icon/angleskill/30005_angleskillA.png	ui/fairy_angle/025.png	110201	100220	4	2	3	10202089	10203089			1	[[110204101]]	[110204031,110204032,110204033,110204034]		1	1	1024059		
110204181	折纸必杀-火线冲锋	[毁灭弹幕]飞到空中发射导弹,并使用光剑向地面冲击造成范围爆炸	10201090	icon/angleskill/30006_angleskillA.png	ui/fairy_angle/025.png	110201	100220	4	18	1	10202090	10203090			1	[[110204193]]	[110204121,110204122,110204123]		1	1	1024802		video/zz_4_2.mp4
110204121	折纸必杀-扩容弹仓	[毁灭弹幕]技能暴击率+3%	10201091	icon/angleskill/40001_angleskillA.png	ui/fairy_angle/025.png	110201	100220	4	12	1	10202091	10203091			1	[[110204181]]			1	1	1024060-1024061-1024062-1024063-1024064-1024065-1024066		
110204122	折纸必杀-扩容弹仓	[毁灭弹幕]技能暴击率+6%	10201092	icon/angleskill/40001_angleskillA.png	ui/fairy_angle/025.png	110201	100220	4	12	2	10202092	10203092			1	[[110204181]]			1	1	1024067-1024068-1024069-1024070-1024071-1024072-1024073		
110204123	折纸必杀-扩容弹仓	[毁灭弹幕]技能暴击率+9%	10201093	icon/angleskill/40001_angleskillA.png	ui/fairy_angle/025.png	110201	100220	4	12	3	10202093	10203093			1	[[110204181]]	[110204131,110204132,110204133,110204134]		1	1	1024074-1024075-1024076-1024077-1024078-1024079-1024080		
110204071	折纸必杀-魔力过载	[毁灭弹幕]命中目标时,有+5%几率眩晕目标3秒	10201094	icon/angleskill/40002_angleskillA.png	ui/fairy_angle/025.png	110201	100220	4	7	1	10202094	10203094			1	[[110204034]]			1	1			
110204072	折纸必杀-魔力过载	[毁灭弹幕]命中目标时,有+8%几率眩晕目标3秒	10201095	icon/angleskill/40002_angleskillA.png	ui/fairy_angle/025.png	110201	100220	4	7	2	10202095	10203095			1	[[110204034]]			1	1			
110204073	折纸必杀-魔力过载	[毁灭弹幕]命中目标时,有+12%几率眩晕目标3秒	10201096	icon/angleskill/40002_angleskillA.png	ui/fairy_angle/025.png	110201	100220	4	7	3	10202096	10203096			1	[[110204034]]			1	1			
110204074	折纸必杀-魔力过载	[毁灭弹幕]命中目标时,有+15%几率眩晕目标3秒	10201097	icon/angleskill/40002_angleskillA.png	ui/fairy_angle/025.png	110201	100220	4	7	4	10202097	10203097			1	[[110204034]]			1	1			
110204091	折纸必杀-质量加速	[毁灭弹幕]爆炸范围+20%	10201098	icon/angleskill/40003_angleskillA.png	ui/fairy_angle/025.png	110201	100220	4	9	1	10202098	10203098			1	[[110204134]]			1	1	1024803		video/zz_4_3.mp4
110204191	折纸必杀-强者之灾	[毁灭弹幕]对精英怪物伤害+4%	10201099	icon/angleskill/50001_angleskillA.png	ui/fairy_angle/025.png	110201	100220	4	19	1	10202099	10203099			1	[[110204101]]			1	1	1024109-1024110-1024111-1024112-1024113-1024114-1024115		
110204192	折纸必杀-强者之灾	[毁灭弹幕]对精英怪物伤害+8%	10201100	icon/angleskill/50001_angleskillA.png	ui/fairy_angle/025.png	110201	100220	4	19	2	10202100	10203100			1	[[110204101]]			1	1	1024116-1024117-1024118-1024119-1024120-1024121-1024122		
110204193	折纸必杀-强者之灾	[毁灭弹幕]对精英怪物伤害+12%	10201101	icon/angleskill/50001_angleskillA.png	ui/fairy_angle/025.png	110201	100220	4	19	3	10202101	10203101			1	[[110204101]]	[110204181]		1	1	1024123-1024124-1024125-1024126-1024127-1024128-1024129		
110210011	折纸被动-突击战术	近战攻击产生暴击后,物理伤害+15%,持续5秒	10201102	icon/angleskill/50002_angleskillA.png		110201		10	1	1	10202102	10203102							1			10370111-10370121	
110210021	折纸被动-无情追击	普攻、[充能斩击]暴击时,有15%几率对目标造成最大生命值10%的伤害。	10201103	icon/angleskill/50003_angleskillA.png		110201		10	2	1	10202103	10203103							2			10370211-10370221	
110210031	折纸被动-强化显现装置	物理伤害类技能暴击率+10%,暴击伤害+30%	10201104	icon/angleskill/50004_angleskillA.png		110201		10	3	1	10202104	10203104							3		1025001-1025002-1025003-1025004-1025005-1025006-1025007-1025008-1025009-1025010-1025011-1025012-1025013-1025014-1025015-1025016-1025017-1025018-1025019-1025020-1025021-1025022		
110210041	折纸被动-热力迸发	近战类技能将对目标造成30%额外火焰伤害	10201105	icon/angleskill/50005_angleskillA.png		110201		10	4	1	10202105	10203105							3			10370411-10370421	
110210051	折纸被动-热能灼伤	受到火焰伤害的目标,有30%的几率被灼伤,持续在5秒,每秒受到攻击者20%攻击力的火焰伤害,最多可叠加5层	10201106	icon/angleskill/60001_angleskillA.png		110201		10	5	1	10202106	10203106							4			10370511	
110210061	折纸被动-高温核心	火焰伤害+20%	10201107	icon/angleskill/60002_angleskillA.png		110201		10	6	1	10202107	10203107							4			10370611	
110210071	折纸被动-催化助燃	弹药类技能使用后,3s内使用的下个弹药类技能伤害+15%	10201108	icon/angleskill/60003_angleskillA.png		110201		10	7	1	10202108	10203108							5			10370711-10370721	
110210081	折纸被动-特种弹药	弹药类技能伤害+10%	10201109	icon/angleskill/60004_angleskillA.png		110201		10	8	1	10202109	10203109							5			10370811	
110210091	折纸被动-微型工厂	弹药类技能的能量值消耗减少3点	10201110	icon/angleskill/60005_angleskillA.png		110201		10	9	1	10202110	10203110							6		1025023-1025024		
110210101	折纸被动-强制冷却	每次击杀敌人都将恢复20%的能量值	10201111	icon/angleskill/70001_angleskillA.png		110201		10	10	1	10202111	10203111							6			10371011	
110210111	折纸被动-强化魔力生成	能量恢复速度提高到15点/秒	10201112	icon/angleskill/70002_angleskillA.png		110201		10	11	1	10202112	10203112							7				
110210121	折纸被动-能量收束装置	普攻不再消耗能量,且每次命中目标时恢复1点能量	10201113	icon/angleskill/70003_angleskillA.png		110201		10	12	1	10202113	10203113							7		1025025-1025026-1025027-1025028-1025029-1025030		
110210131	折纸被动-魔力储备装置	能量值上限+30	10201114	icon/angleskill/70004_angleskillA.png		110201		10	13	1	10202114	10203114							8			10371311	
110210141	折纸被动-动力转换装置	攻速加成将会按25%的比例转化为移动速度加成	10201115	icon/angleskill/70005_angleskillA.png		110201		10	14	1	10202115	10203115							9			10371411	
110210151	折纸被动-临界驱动	当生命值低于25%时,将恢复10%最大生命值,同时获得1个15%最大生命值的伤害吸收盾。冷却时间60秒	10201116	icon/angleskill/70006_angleskillA.png		110201		10	15	1	10202116	10203116							10			10371511	
110210161	折纸被动-复仇之心	精灵类伤害+30%	10201117	icon/angleskill/80001_angleskillA.png		110201		10	16	1	10202117	10203117							11			10371611	
110306011	四糸乃觉醒-1级	四糸乃觉醒-1级	10301001	icon/angleskill/10101_angleskillA.png		110301	100330	6	1	1	10302001	10303001			1				1	1			
110306012	四糸乃觉醒-2级	四糸乃觉醒-2级	10301002	icon/angleskill/10101_angleskillA.png		110301	100330	6	1	2	10302002	10303002			1				1	1			
110306013	四糸乃觉醒-3级	四糸乃觉醒-3级	10301003	icon/angleskill/10101_angleskillA.png		110301	100330	6	1	3	10302003	10303003			1				1	1			
110306014	四糸乃觉醒-4级	四糸乃觉醒-4级	10301004	icon/angleskill/10101_angleskillA.png		110301	100330	6	1	4	10302004	10303004			1				1	1			
110301111	四糸乃普攻-距离	普攻攻击距离+20%	10301005	icon/angleskill/10001_angleskillA.png	ui/fairy_angle/024.png	110301	100310	1	11	1	10302005	10303005			1	[[110301081]]			1	1	1031060-1031061-1031062-1031063-1031064		
110301112	四糸乃普攻-距离	普攻攻击距离+50%	10301006	icon/angleskill/10001_angleskillA.png	ui/fairy_angle/024.png	110301	100310	1	11	2	10302006	10303006			1	[[110301081]]			1	1	1031065-1031066-1031067-1031068-1031069		
110301113	四糸乃普攻-距离	普攻攻击距离+80%	10301007	icon/angleskill/10001_angleskillA.png	ui/fairy_angle/024.png	110301	100310	1	11	3	10302007	10303007			1	[[110301081]]	[110301181]		1	1	1031070-1031071-1031072-1031073-1031074		
110301081	四糸乃普攻-四糸乃4段	普攻可以连续释放4段伤害	10301008	icon/angleskill/10002_angleskillA.png	ui/fairy_angle/024.png	110301	100310	1	8	1	10302008	10303008			1	[[110301064]]	[110301111,110301112,110301113]		1	1	1031801		video/ssn_1_1.mp4
110301131	四糸乃普攻-穿透目标	普攻可以穿透目标,最多可穿透2个目标	10301009	icon/angleskill/10101_angleskillA.png	ui/fairy_angle/024.png	110301	100310	1	13	1	10302009	10303009			1	[[110301064]]			1	1	1031045-1031046-1031047-1031048-1031049		
110301132	四糸乃普攻-穿透目标	普攻可以穿透目标,最多可穿透3个目标	10301010	icon/angleskill/10101_angleskillA.png	ui/fairy_angle/024.png	110301	100310	1	13	2	10302010	10303010			1	[[110301064]]			1	1	1031050-1031051-1031052-1031053-1031054		
110301133	四糸乃普攻-穿透目标	普攻可以穿透目标,最多可穿透4个目标	10301011	icon/angleskill/10101_angleskillA.png	ui/fairy_angle/024.png	110301	100310	1	13	3	10302011	10303011			1	[[110301064]]	[110301171,110301172,110301173,110301174]		1	1	1031055-1031056-1031057-1031058-1031059		
110301031	四糸乃普攻-法阵召唤	普攻命中有10%几率召唤出1个魔法阵,魔法阵将连续释放冰锥,每一枚冰锥对目标造成80%的伤害	10301012	icon/angleskill/10102_angleskillA.png	ui/fairy_angle/024.png	110301	100310	1	3	1	10302012	10303012			1				1	1	1031021-1031022-1031023-1031024-1031025-1031041		
110301032	四糸乃普攻-法阵召唤	普攻命中有15%几率召唤出1个魔法阵,魔法阵将连续释放冰锥,每一枚冰锥对目标造成100%的伤害	10301013	icon/angleskill/10102_angleskillA.png	ui/fairy_angle/024.png	110301	100310	1	3	2	10302013	10303013			1				1	1	1031026-1031027-1031028-1031029-1031030-1031042		
110301033	四糸乃普攻-法阵召唤	普攻命中有20%几率召唤出1个魔法阵,魔法阵将连续释放冰锥,每一枚冰锥对目标造成120%的伤害	10301014	icon/angleskill/10102_angleskillA.png	ui/fairy_angle/024.png	110301	100310	1	3	3	10302014	10303014			1				1	1	1031031-1031032-1031033-1031034-1031035-1031043		
110301034	四糸乃普攻-法阵召唤	普攻命中有25%几率召唤出1个魔法阵,魔法阵将连续释放冰锥,每一枚冰锥对目标造成150%的伤害	10301015	icon/angleskill/10102_angleskillA.png	ui/fairy_angle/024.png	110301	100310	1	3	4	10302015	10303015			1				1	1	1031036-1031037-1031038-1031039-1031040-1031044		
110301181	四糸乃普攻-四糸乃5段	普攻前3段将不再释放小冰锥,而是释放大冰锥,每一个冰锥对目标造成125%的伤害	10301016	icon/angleskill/10103_angleskillA.png	ui/fairy_angle/024.png	110301	100310	1	18	1	10302016	10303016			1	[[110301113]]	[110301121]		1	1	1031802-1031803-1031804-1031805-1031806-1031807-1031808		video/ssn_1_2.mp4
110301021	四糸乃普攻-攻速	普攻攻速+3%	10301017	icon/angleskill/10104_angleskillA.png	ui/fairy_angle/024.png	110301	100310	1	2	1	10302017	10303017			1			1	1	1	1031001-1031002-1031003-1031004-1031005		
110301022	四糸乃普攻-攻速	普攻攻速+5%	10301018	icon/angleskill/10104_angleskillA.png	ui/fairy_angle/024.png	110301	100310	1	2	2	10302018	10303018			1			1	1	1	1031006-1031007-1031008-1031009-1031010		
110301023	四糸乃普攻-攻速	普攻攻速+7%	10301019	icon/angleskill/10104_angleskillA.png	ui/fairy_angle/024.png	110301	100310	1	2	3	10302019	10303019			1			1	1	1	1031011-1031012-1031013-1031014-1031015		
110301024	四糸乃普攻-攻速	普攻攻速+10%	10301020	icon/angleskill/10104_angleskillA.png	ui/fairy_angle/024.png	110301	100310	1	2	4	10302020	10303020			1		[110301061,110301062,110301063,110301064]	1	1	1	1031016-1031017-1031018-1031019-1031020		
110301061	四糸乃普攻-寒冷	普攻命中有5%几率给目标附加1层寒冷效果,使其移动速度降低10%,持续6s。当寒冷效果叠加到5层时,将使目标被冻结。	10301021	icon/angleskill/10105_angleskillA.png	ui/fairy_angle/024.png	110301	100310	1	6	1	10302021	10303021			1	[[110301024]]			1	1		10410811	
110301062	四糸乃普攻-寒冷	普攻命中有10%几率给目标附加1层寒冷效果,使其移动速度降低10%,持续6s。当寒冷效果叠加到5层时,将使目标被冻结。	10301022	icon/angleskill/10105_angleskillA.png	ui/fairy_angle/024.png	110301	100310	1	6	2	10302022	10303022			1	[[110301024]]			1	1		10410812	
110301063	四糸乃普攻-寒冷	普攻命中有15%几率给目标附加1层寒冷效果,使其移动速度降低10%,持续6s。当寒冷效果叠加到5层时,将使目标被冻结。	10301023	icon/angleskill/10105_angleskillA.png	ui/fairy_angle/024.png	110301	100310	1	6	3	10302023	10303023			1	[[110301024]]			1	1		10410813	
110301064	四糸乃普攻-寒冷	普攻命中有20%几率给目标附加1层寒冷效果,使其移动速度降低10%,持续6s。当寒冷效果叠加到5层时,将使目标被冻结。	10301024	icon/angleskill/10105_angleskillA.png	ui/fairy_angle/024.png	110301	100310	1	6	4	10302024	10303024			1	[[110301024]]	[110301081,110301131,110301132,110301133]		1	1		10410814	
110301121	四糸乃普攻-额外释放3个大冰锥	普攻最后一段将连续释放3个大冰锥	10301025	icon/angleskill/10106_angleskillA.png	ui/fairy_angle/024.png	110301	100310	1	12	1	10302025	10303025			1	[[110301181]]			1	1	1031809		video/ssn_1_3.mp4
110301171	四糸乃普攻-弱者之灾	普攻对普通怪物造成5%的额外伤害	10301026	icon/angleskill/10107_angleskillA.png	ui/fairy_angle/024.png	110301	100310	1	17	1	10302026	10303026			1	[[110301133]]			1	1	1031075-1031076-1031077-1031078-1031079		
110301172	四糸乃普攻-弱者之灾	普攻对普通怪物造成8%的额外伤害	10301027	icon/angleskill/10107_angleskillA.png	ui/fairy_angle/024.png	110301	100310	1	17	2	10302027	10303027			1	[[110301133]]			1	1	1031080-1031081-1031082-1031083-1031084		
110301173	四糸乃普攻-弱者之灾	普攻对普通怪物造成12%的额外伤害	10301028	icon/angleskill/10107_angleskillA.png	ui/fairy_angle/024.png	110301	100310	1	17	3	10302028	10303028			1	[[110301133]]			1	1	1031085-1031086-1031087-1031088-1031089		
110301174	四糸乃普攻-弱者之灾	普攻对普通怪物造成15%的额外伤害	10301029	icon/angleskill/10107_angleskillA.png	ui/fairy_angle/024.png	110301	100310	1	17	4	10302029	10303029			1	[[110301133]]			1	1	1031090-1031091-1031092-1031093-1031094		
110302081	四糸乃技能1-强化	[极寒冰刺]技能伤害+6%	10301030	icon/angleskill/10108_angleskillA.png	ui/fairy_angle/026.png	110301	100320	2	8	1	10302030	10303030			1				1	1	1032001-1032002-1032003-1032004-1032005-1032006-1032007-1032008-1032009		
110302082	四糸乃技能1-强化	[极寒冰刺]技能伤害+9%	10301031	icon/angleskill/10108_angleskillA.png	ui/fairy_angle/026.png	110301	100320	2	8	2	10302031	10303031			1				1	1	1032010-1032011-1032012-1032013-1032014-1032015-1032016-1032017-1032018		
110302083	四糸乃技能1-强化	[极寒冰刺]技能伤害+12%	10301032	icon/angleskill/10108_angleskillA.png	ui/fairy_angle/026.png	110301	100320	2	8	3	10302032	10303032			1				1	1	1032019-1032020-1032021-1032022-1032023-1032024-1032025-1032026-1032027		
110302084	四糸乃技能1-强化	[极寒冰刺]技能伤害+15%	10301033	icon/angleskill/10108_angleskillA.png	ui/fairy_angle/026.png	110301	100320	2	8	4	10302033	10303033			1				1	1	1032028-1032029-1032030-1032031-1032032-1032033-1032034-1032035-1032036		
110302251	四糸乃技能1-1级	[极寒冰刺]将连续释放3个向前的冰刺	10301034	icon/angleskill/10109_angleskillA.png	ui/fairy_angle/026.png	110301	100320	2	25	1	10302034	10303034			1	[[110302244]]	[110302161]		1	1	1032801		video/ssn_2_1.mp4
110302061	四糸乃技能1-冷却	[极寒冰刺]技能冷却时间-0.5秒	10301035	icon/angleskill/10110_angleskillA.png	ui/fairy_angle/026.png	110301	100320	2	6	1	10302035	10303035			1	[[110302014]]			1	1	1032037		
110302062	四糸乃技能1-冷却	[极寒冰刺]技能冷却时间-1秒	10301036	icon/angleskill/10110_angleskillA.png	ui/fairy_angle/026.png	110301	100320	2	6	2	10302036	10303036			1	[[110302014]]			1	1	1032038		
110302063	四糸乃技能1-冷却	[极寒冰刺]技能冷却时间-1.5秒	10301037	icon/angleskill/10110_angleskillA.png	ui/fairy_angle/026.png	110301	100320	2	6	3	10302037	10303037			1	[[110302014]]			1	1	1032039		
110302011	四糸乃技能1-机械之灾	[极寒冰刺]对机械类怪物伤害+2%	10301038	icon/angleskill/10111_angleskillA.png	ui/fairy_angle/026.png	110301	100320	2	1	1	10302038	10303038			1			1	1	1	1032040-1032041-1032042-1032043-1032044-1032045-1032046-1032047-1032048		
110302012	四糸乃技能1-机械之灾	[极寒冰刺]对机械类怪物伤害+4%	10301039	icon/angleskill/10111_angleskillA.png	ui/fairy_angle/026.png	110301	100320	2	1	2	10302039	10303039			1			1	1	1	1032049-1032050-1032051-1032052-1032053-1032054-1032055-1032056-1032057		
110302013	四糸乃技能1-机械之灾	[极寒冰刺]对机械类怪物伤害+6%	10301040	icon/angleskill/10111_angleskillA.png	ui/fairy_angle/026.png	110301	100320	2	1	3	10302040	10303040			1			1	1	1	1032058-1032059-1032060-1032061-1032062-1032063-1032064-1032065-1032066		
110302014	四糸乃技能1-机械之灾	[极寒冰刺]对机械类怪物伤害+8%	10301041	icon/angleskill/10111_angleskillA.png	ui/fairy_angle/026.png	110301	100320	2	1	4	10302041	10303041			1		[110302061,110302062,110302063,110302021,110302022,110302023,110302024]	1	1	1	1032067-1032068-1032069-1032070-1032071-1032072-1032073-1032074-1032075		
110302161	四糸乃技能1-2级	[极寒冰刺]将向前方释放扇形范围的冰刺	10301042	icon/angleskill/10112_angleskillA.png	ui/fairy_angle/026.png	110301	100320	2	16	1	10302042	10303042			1	[[110302251]]	[110302201]		1	1	1032802		video/ssn_2_2.mp4
110302021	四糸乃技能1-穿透	[极寒冰刺]技能穿透率+3%	10301043	icon/angleskill/10113_angleskillA.png	ui/fairy_angle/026.png	110301	100320	2	2	1	10302043	10303043			1	[[110302014]]			1	1	1032076-1032077-1032078-1032079-1032080-1032081-1032082-1032083-1032084		
110302022	四糸乃技能1-穿透	[极寒冰刺]技能穿透率+5%	10301044	icon/angleskill/10113_angleskillA.png	ui/fairy_angle/026.png	110301	100320	2	2	2	10302044	10303044			1	[[110302014]]			1	1	1032085-1032086-1032087-1032088-1032089-1032090-1032091-1032092-1032093		
110302023	四糸乃技能1-穿透	[极寒冰刺]技能穿透率+7%	10301045	icon/angleskill/10113_angleskillA.png	ui/fairy_angle/026.png	110301	100320	2	2	3	10302045	10303045			1	[[110302014]]			1	1	1032094-1032095-1032096-1032097-1032098-1032099-1032100-1032101-1032102		
110302024	四糸乃技能1-穿透	[极寒冰刺]技能穿透率+10%	10301046	icon/angleskill/10113_angleskillA.png	ui/fairy_angle/026.png	110301	100320	2	2	4	10302046	10303046			1	[[110302014]]	[110302031,110302032,110302033]		1	1	1032103-1032104-1032105-1032106-1032107-1032108-1032109-1032110-1032111		
110302031	四糸乃技能1-狂暴	[极寒冰刺]技能暴击伤害+10%	10301047	icon/angleskill/10114_angleskillA.png	ui/fairy_angle/026.png	110301	100320	2	3	1	10302047	10303047			1	[[110302024]]			1	1	1032112-1032113-1032114-1032115-1032116-1032117-1032118-1032119-1032120		
110302032	四糸乃技能1-狂暴	[极寒冰刺]技能暴击伤害+15%	10301048	icon/angleskill/10114_angleskillA.png	ui/fairy_angle/026.png	110301	100320	2	3	2	10302048	10303048			1	[[110302024]]			1	1	1032121-1032122-1032123-1032124-1032125-1032126-1032127-1032128-1032129		
110302033	四糸乃技能1-狂暴	[极寒冰刺]技能暴击伤害+20%	10301049	icon/angleskill/10114_angleskillA.png	ui/fairy_angle/026.png	110301	100320	2	3	3	10302049	10303049			1	[[110302024]]			1	1	1032130-1032131-1032132-1032133-1032134-1032135-1032136-1032137-1032138		
110302201	四糸乃技能1-3级	[极寒冰刺]还会产生一次爆炸,对目标造成215%的伤害	10301050	icon/angleskill/10115_angleskillA.png	ui/fairy_angle/026.png	110301	100320	2	20	1	10302050	10303050			1	[[110302161]]			1	1	1032803		video/ssn_2_3.mp4
110302241	四糸乃技能1-弱者之灾	[极寒冰刺]对普通怪物造成5%的额外伤害	10301051	icon/angleskill/10116_angleskillA.png	ui/fairy_angle/026.png	110301	100320	2	24	1	10302051	10303051			1			1	1	1	1032139-1032140-1032141-1032142-1032143-1032144-1032145-1032146-1032147		
110302242	四糸乃技能1-弱者之灾	[极寒冰刺]对普通怪物造成8%的额外伤害	10301052	icon/angleskill/10116_angleskillA.png	ui/fairy_angle/026.png	110301	100320	2	24	2	10302052	10303052			1			1	1	1	1032148-1032149-1032150-1032151-1032152-1032153-1032154-1032155-1032156		
110302243	四糸乃技能1-弱者之灾	[极寒冰刺]对普通怪物造成12%的额外伤害	10301053	icon/angleskill/10116_angleskillA.png	ui/fairy_angle/026.png	110301	100320	2	24	3	10302053	10303053			1			1	1	1	1032157-1032158-1032159-1032160-1032161-1032162-1032163-1032164-1032165		
110302244	四糸乃技能1-弱者之灾	[极寒冰刺]对普通怪物造成15%的额外伤害	10301054	icon/angleskill/10116_angleskillA.png	ui/fairy_angle/026.png	110301	100320	2	24	4	10302054	10303054			1		[110302251]	1	1	1	1032166-1032167-1032168-1032169-1032170-1032171-1032172-1032173-1032174		
110303071	四糸乃技能2-缓速	[极寒领域]减速效果提高到25%	10301055	icon/angleskill/10117_angleskillA.png	ui/fairy_angle/027.png	110301	100370	3	7	1	10302055	10303055			1			1	1	1		10430111	
110303072	四糸乃技能2-缓速	[极寒领域]减速效果提高到30%	10301056	icon/angleskill/10117_angleskillA.png	ui/fairy_angle/027.png	110301	100370	3	7	2	10302056	10303056			1			1	1	1		10430112	
110303073	四糸乃技能2-缓速	[极寒领域]减速效果提高到35%	10301057	icon/angleskill/10117_angleskillA.png	ui/fairy_angle/027.png	110301	100370	3	7	3	10302057	10303057			1			1	1	1		10430113	
110303074	四糸乃技能2-缓速	[极寒领域]减速效果提高到40%	10301058	icon/angleskill/10117_angleskillA.png	ui/fairy_angle/027.png	110301	100370	3	7	4	10302058	10303058			1		[110303081,110303021,110303022,110303023]	1	1	1		10430114	
110303081	四糸乃技能2-1级	[极寒领域]将持续召唤冰雨对领域内的目标造成伤害,每次造成65%的伤害。	10301059	icon/angleskill/10118_angleskillA.png	ui/fairy_angle/027.png	110301	100370	3	8	1	10302059	10303059			1	[[110303074]]	[110303131]		1	1	1033801		video/ssn_3_1.mp4
110303011	四糸乃技能2-减防	受到[极寒领域]伤害的敌人,防御减少6%,持续5秒	10301060	icon/angleskill/10119_angleskillA.png	ui/fairy_angle/027.png	110301	100370	3	1	1	10302060	10303060			1				1	1		10430311	
110303012	四糸乃技能2-减防	受到[极寒领域]伤害的敌人,防御减少9%,持续5秒	10301061	icon/angleskill/10119_angleskillA.png	ui/fairy_angle/027.png	110301	100370	3	1	2	10302061	10303061			1				1	1		10430312	
110303013	四糸乃技能2-减防	受到[极寒领域]伤害的敌人,防御减少12%,持续5秒	10301062	icon/angleskill/10119_angleskillA.png	ui/fairy_angle/027.png	110301	100370	3	1	3	10302062	10303062			1				1	1		10430313	
110303014	四糸乃技能2-减防	受到[极寒领域]伤害的敌人,防御减少15%,持续5秒	10301063	icon/angleskill/10119_angleskillA.png	ui/fairy_angle/027.png	110301	100370	3	1	4	10302063	10303063			1				1	1		10430314	
110303021	四糸乃技能2-冷却	[极寒领域]技能冷却时间-0.5秒	10301064	icon/angleskill/10120_angleskillA.png	ui/fairy_angle/027.png	110301	100370	3	2	1	10302064	10303064			1	[[110303074]]			1	1	1033080		
110303022	四糸乃技能2-冷却	[极寒领域]技能冷却时间-1秒	10301065	icon/angleskill/10120_angleskillA.png	ui/fairy_angle/027.png	110301	100370	3	2	2	10302065	10303065			1	[[110303074]]			1	1	1033081		
110303023	四糸乃技能2-冷却	[极寒领域]技能冷却时间-1.5秒	10301066	icon/angleskill/10120_angleskillA.png	ui/fairy_angle/027.png	110301	100370	3	2	3	10302066	10303066			1	[[110303074]]			1	1	1033082		
110303131	四糸乃技能2-2级	[极寒领域]将持续召唤冰锥对领域内的目标造成伤害,每次造成70%的伤害。	10301067	icon/angleskill/10121_angleskillA.png	ui/fairy_angle/027.png	110301	100370	3	13	1	10302067	10303067			1	[[110303081]]	[110303091]		1	1	1033802		video/ssn_3_2.mp4
110303031	四糸乃技能2-强化	[极寒领域]技能伤害+6%	10301068	icon/angleskill/10122_angleskillA.png	ui/fairy_angle/027.png	110301	100370	3	3	1	10302068	10303068			1				1	1	1033083-1033084-1033085		
110303032	四糸乃技能2-强化	[极寒领域]技能伤害+9%	10301069	icon/angleskill/10122_angleskillA.png	ui/fairy_angle/027.png	110301	100370	3	3	2	10302069	10303069			1				1	1	1033086-1033087-1033088		
110303033	四糸乃技能2-强化	[极寒领域]技能伤害+12%	10301070	icon/angleskill/10122_angleskillA.png	ui/fairy_angle/027.png	110301	100370	3	3	3	10302070	10303070			1				1	1	1033089-1033090-1033091		
110303034	四糸乃技能2-强化	[极寒领域]技能伤害+15%	10301071	icon/angleskill/10122_angleskillA.png	ui/fairy_angle/027.png	110301	100370	3	3	4	10302071	10303071			1				1	1	1033092-1033093-1033094		
110303101	四糸乃技能2-时间延缓	[极寒领域]持续时间+1秒	10301072	icon/angleskill/20001_angleskillA.png	ui/fairy_angle/027.png	110301	100370	3	10	1	10302072	10303072			1	[[110303091]]			1	1	1033095-1033096-1033097-1033098-1033099-1033100-1033101-1033102		
110303102	四糸乃技能2-时间延缓	[极寒领域]持续时间+2秒	10301073	icon/angleskill/20001_angleskillA.png	ui/fairy_angle/027.png	110301	100370	3	10	2	10302073	10303073			1	[[110303091]]			1	1	1033103-1033104-1033105-1033106-1033107-1033108-1033109-1033110		
110303103	四糸乃技能2-时间延缓	[极寒领域]持续时间+3秒	10301074	icon/angleskill/20001_angleskillA.png	ui/fairy_angle/027.png	110301	100370	3	10	3	10302074	10303074			1	[[110303091]]			1	1	1033111-1033112-1033113-1033114-1033115-1033116-1033117-1033118		
110303091	四糸乃技能2-3级	[极寒领域]将持续召唤冰陨石对领域内的目标造成伤害,每次造成80%的伤害。	10301075	icon/angleskill/20002_angleskillA.png	ui/fairy_angle/027.png	110301	100370	3	9	1	10302075	10303075			1	[[110303131]]	[110303101,110303102,110303103]		1	1	1033803		video/ssn_3_3.mp4
110303121	四糸乃技能2-机械之灾	[极寒领域]对机械类怪物怪伤害+2%	10301076	icon/angleskill/30001_angleskillA.png	ui/fairy_angle/027.png	110301	100370	3	12	1	10302076	10303076			1				1	1	1033119-1033120-1033121		
110303122	四糸乃技能2-机械之灾	[极寒领域]对机械类怪物怪伤害+4%	10301077	icon/angleskill/30001_angleskillA.png	ui/fairy_angle/027.png	110301	100370	3	12	2	10302077	10303077			1				1	1	1033124-1033122-1033123		
110303123	四糸乃技能2-机械之灾	[极寒领域]对机械类怪物怪伤害+6%	10301078	icon/angleskill/30001_angleskillA.png	ui/fairy_angle/027.png	110301	100370	3	12	3	10302078	10303078			1				1	1	1033127-1033125-1033126		
110303124	四糸乃技能2-机械之灾	[极寒领域]对机械类怪物怪伤害+8%	10301079	icon/angleskill/30001_angleskillA.png	ui/fairy_angle/027.png	110301	100370	3	12	4	10302079	10303079			1				1	1	1033130-1033128-1033129		
110304171	四糸乃必杀-冷却	[极寒风暴]技能冷却时间-0.5秒	10301080	icon/angleskill/30002_angleskillA.png	ui/fairy_angle/025.png	110301	100380	4	17	1	10302080	10303080			1				1	1	1034001		
110304172	四糸乃必杀-冷却	[极寒风暴]技能冷却时间-1秒	10301081	icon/angleskill/30002_angleskillA.png	ui/fairy_angle/025.png	110301	100380	4	17	2	10302081	10303081			1				1	1	1034002		
110304173	四糸乃必杀-冷却	[极寒风暴]技能冷却时间-1.5秒	10301082	icon/angleskill/30002_angleskillA.png	ui/fairy_angle/025.png	110301	100380	4	17	3	10302082	10303082			1				1	1	1034003		
110304111	四糸乃必杀-1级	[极寒风暴]将不再移动,而是会在原地持续牵引敌人	10301083	icon/angleskill/30003_angleskillA.png	ui/fairy_angle/025.png	110301	100380	4	11	1	10302083	10303083			1	[[110304024]]	[110304121]		1	1	1034801		video/ssn_4_1.mp4
110304011	四糸乃必杀-弱者之灾	[极寒风暴]对普通怪物伤害+X%	10301084	icon/angleskill/30004_angleskillA.png	ui/fairy_angle/025.png	110301	100380	4	1	1	10302084	10303084			1			1	1	1	1034004-1034005-1034006-1034007-1034008-1034009-1034010-1034011		
110304012	四糸乃必杀-弱者之灾	[极寒风暴]对普通怪物伤害+X%	10301085	icon/angleskill/30004_angleskillA.png	ui/fairy_angle/025.png	110301	100380	4	1	2	10302085	10303085			1			1	1	1	1034012-1034013-1034014-1034015-1034016-1034017-1034018-1034019		
110304013	四糸乃必杀-弱者之灾	[极寒风暴]对普通怪物伤害+X%	10301086	icon/angleskill/30004_angleskillA.png	ui/fairy_angle/025.png	110301	100380	4	1	3	10302086	10303086			1			1	1	1	1034020-1034021-1034022-1034023-1034024-1034025-1034026-1034027		
110304014	四糸乃必杀-弱者之灾	[极寒风暴]对普通怪物伤害+X%	10301087	icon/angleskill/30004_angleskillA.png	ui/fairy_angle/025.png	110301	100380	4	1	4	10302087	10303087			1			1	1	1	1034028-1034029-1034030-1034031-1034032-1034033-1034034-1034035		
110304021	四糸乃必杀-强化	[极寒风暴]技能伤害+6%	10301088	icon/angleskill/30005_angleskillA.png	ui/fairy_angle/025.png	110301	100380	4	2	1	10302088	10303088			1				1	1	1034036-1034037-1034038-1034039-1034040-1034041-1034042-1034043		
110304022	四糸乃必杀-强化	[极寒风暴]技能伤害+9%	10301089	icon/angleskill/30005_angleskillA.png	ui/fairy_angle/025.png	110301	100380	4	2	2	10302089	10303089			1				1	1	1034044-1034045-1034046-1034047-1034048-1034049-1034050-1034051		
110304023	四糸乃必杀-强化	[极寒风暴]技能伤害+12%	10301090	icon/angleskill/30005_angleskillA.png	ui/fairy_angle/025.png	110301	100380	4	2	3	10302090	10303090			1				1	1	1034052-1034053-1034054-1034055-1034056-1034057-1034058-1034059		
110304024	四糸乃必杀-强化	[极寒风暴]技能伤害+15%	10301091	icon/angleskill/30005_angleskillA.png	ui/fairy_angle/025.png	110301	100380	4	2	4	10302091	10303091			1		[110304111]		1	1	1034060-1034061-1034062-1034063-1034064-1034065-1034066-1034067		
110304121	四糸乃必杀-2级	[极寒风暴]范围+20%	10301092	icon/angleskill/30006_angleskillA.png	ui/fairy_angle/025.png	110301	100380	4	12	1	10302092	10303092			1	[[110304111]]	[110304041]		1	1	1034802		video/ssn_4_2.mp4
110304251	四糸乃必杀-穿透	[极寒风暴]技能穿透率+3%	10301093	icon/angleskill/40001_angleskillA.png	ui/fairy_angle/025.png	110301	100380	4	25	1	10302093	10303093			1				1	1	1034068-1034069-1034070-1034071-1034072-1034073-1034074-1034075		
110304252	四糸乃必杀-穿透	[极寒风暴]技能穿透率+5%	10301094	icon/angleskill/40001_angleskillA.png	ui/fairy_angle/025.png	110301	100380	4	25	2	10302094	10303094			1				1	1	1034076-1034077-1034078-1034079-1034080-1034081-1034082-1034083		
110304253	四糸乃必杀-穿透	[极寒风暴]技能穿透率+7%	10301095	icon/angleskill/40001_angleskillA.png	ui/fairy_angle/025.png	110301	100380	4	25	3	10302095	10303095			1				1	1	1034084-1034085-1034086-1034087-1034088-1034089-1034090-1034091		
110304254	四糸乃必杀-穿透	[极寒风暴]技能穿透率+10%	10301096	icon/angleskill/40001_angleskillA.png	ui/fairy_angle/025.png	110301	100380	4	25	4	10302096	10303096			1				1	1	1034092-1034093-1034094-1034095-1034096-1034097-1034098-1034099		
110304261	四糸乃必杀-机械伤	[极寒风暴]对机械类怪物伤害+2%	10301097	icon/angleskill/40002_angleskillA.png	ui/fairy_angle/025.png	110301	100380	4	26	1	10302097	10303097			1				1	1	1034118-1034119-1034120-1034121-1034122-1034123-1034124-1034125		
110304262	四糸乃必杀-机械伤	[极寒风暴]对机械类怪物伤害+4%	10301098	icon/angleskill/40002_angleskillA.png	ui/fairy_angle/025.png	110301	100380	4	26	2	10302098	10303098			1				1	1	1034126-1034127-1034128-1034129-1034130-1034131-1034132-1034133		
110304263	四糸乃必杀-机械伤	[极寒风暴]对机械类怪物伤害+6%	10301099	icon/angleskill/40002_angleskillA.png	ui/fairy_angle/025.png	110301	100380	4	26	3	10302099	10303099			1				1	1	1034134-1034135-1034136-1034137-1034138-1034139-1034140-1034141		
110304264	四糸乃必杀-机械伤	[极寒风暴]对机械类怪物伤害+8%	10301100	icon/angleskill/40002_angleskillA.png	ui/fairy_angle/025.png	110301	100380	4	26	4	10302100	10303100			1				1	1	1034142-1034143-1034144-1034145-1034146-1034147-1034148-1034149		
110304041	四糸乃必杀-3级	[极寒风暴]持续的同时将持续召唤冰锥对目标造成伤害。	10301101	icon/angleskill/40003_angleskillA.png	ui/fairy_angle/025.png	110301	100380	4	4	1	10302101	10303101			1	[[110304121]]			1	1	1034803		video/ssn_4_3.mp4
110304071	四糸乃必杀-时间延缓	[极寒风暴]持续时间+1秒	10301102	icon/angleskill/50001_angleskillA.png	ui/fairy_angle/025.png	110301	100380	4	7	1	10302102	10303102			1	[[110304041]]			1	1	1034052-1034053-1034054-1034055-1034056-1034057		
110304072	四糸乃必杀-时间延缓	[极寒风暴]持续时间+2秒	10301103	icon/angleskill/50001_angleskillA.png	ui/fairy_angle/025.png	110301	100380	4	7	2	10302103	10303103			1	[[110304041]]			1	1	1034058-1034059-1034060-1034061-1034062-1034063		
110304073	四糸乃必杀-时间延缓	[极寒风暴]持续时间+3秒	10301104	icon/angleskill/50001_angleskillA.png	ui/fairy_angle/025.png	110301	100380	4	7	3	10302104	10303104			1	[[110304041]]			1	1	1034064-1034065-1034066-1034067-1034068-1034069		
110310011	四糸乃被动-寒冰惩戒	普攻对目标叠加的寒冷效果,同时也将对目标周围3米范围内的敌人生效	10301105	icon/angleskill/50002_angleskillA.png		110301		10	1	1	10302105	10303105							1			10470111	
110310021	四糸乃被动-寒冷之刑	目标被命中时有30%几率被附加寒冷效果	10301106	icon/angleskill/50003_angleskillA.png		110301		10	2	1	10302106	10303106							1			10470211-10470221-10470231-10470241-10470251-10470261	
110310031	四糸乃被动-寒冰复仇	目标冰冻状态消失后(死亡或清除),将对范围3米内的敌人附加1层寒冷	10301107	icon/angleskill/50004_angleskillA.png		110301		10	3	1	10302107	10303107							1			10470311	
110310041	四糸乃被动-冰霜预言	普攻对“减速”和“冰冻”的目标分别造成30%和50%的额外伤害	10301108	icon/angleskill/50005_angleskillA.png		110301		10	4	1	10302108	10303108							1			10470411-10470421	
110310051	四糸乃被动-极速打击	技能对“冰冻”目标造成暴击的几率+35%,且暴击伤害+60%	10301109	icon/angleskill/60001_angleskillA.png		110301		10	5	1	10302109	10303109							1			10470511-10470521-10470531-10470541-10470551	
110310061	四糸乃被动-寒冰庇佑	寒冰伤害+30%	10301110	icon/angleskill/60002_angleskillA.png		110301		10	6	1	10302110	10303110							1			10470611	
110310071	四糸乃被动-寒冰荣耀	击杀目标有50%几率恢复2%点最大生命值	10301111	icon/angleskill/60003_angleskillA.png		110301		10	7	1	10302111	10303111							1			10470711	
110310081	四糸乃被动-极寒光辉	在[极寒领域]中,每秒恢复5%点最大生命值	10301112	icon/angleskill/60004_angleskillA.png		110301		10	8	1	10302112	10303112							1			10470811-10470821-10470831-10470841	
110310091	四糸乃被动-庇护之光	当自己和队友受到治疗时,将额外获得100%的治疗值	10301113	icon/angleskill/60005_angleskillA.png		110301		10	9	1	10302113	10303113							1			10470911	
110310101	四糸乃被动-寒冰不死	当受到致命伤害时,将[极寒领域]冰冻自己,持续3秒,每秒恢复20%生命值,冷却时间60秒	10301114	icon/angleskill/70001_angleskillA.png		110301		10	10	1	10302114	10303114							1			10471011	
110310111	四糸乃被动-神佑之光	自己和队友攻击+15%,防御+15%	10301115	icon/angleskill/70002_angleskillA.png		110301		10	11	1	10302115	10303115							1			10471111	
110310121	四糸乃被动-预言之环	己方队友登场将获得一个最大生命值30%的伤害吸收盾	10301116	icon/angleskill/70003_angleskillA.png		110301		10	12	1	10302116	10303116							1			10471211	
110310131	四糸乃被动-时间领域	[极寒领域]持续时间增加3秒	10301117	icon/angleskill/70004_angleskillA.png		110301		10	13	1	10302117	10303117							1			10471311-10471321-10471331-10471341	
110310141	四糸乃被动-寒冰怒焰	每次使用冰霜伤害技能都将为自己额外获得30%的极冻值	10301118	icon/angleskill/70005_angleskillA.png		110301		10	14	1	10302118	10303118							1		1035006-1035007-1035008-1035009		
110310151	四糸乃被动-极寒附体	极冻值上限降低20%	10301119	icon/angleskill/70006_angleskillA.png		110301		10	15	1	10302119	10303119							1			10471511	
110310161	四糸乃被动-光辉庇护	普攻每次命中目标都将恢复1点极冻值	10301120	icon/angleskill/80001_angleskillA.png		110301		10	16	1	10302120	10303120							1		1035001-1035002-1035003-1035004-1035005		
110406011	狂三觉醒-1级	狂三觉醒-1级	10401001	icon/angleskill/10101_angleskillA.png		110401	100430	6	1	1	10402001	10403001			1				1	1			
110406012	狂三觉醒-2级	狂三觉醒-2级	10401002	icon/angleskill/10101_angleskillA.png		110401	100430	6	1	2	10402002	10403002			1				1	1			
110406013	狂三觉醒-3级	狂三觉醒-3级	10401003	icon/angleskill/10101_angleskillA.png		110401	100430	6	1	3	10402003	10403003			1				1	1			
110406014	狂三觉醒-4级	狂三觉醒-4级	10401004	icon/angleskill/10101_angleskillA.png		110401	100430	6	1	4	10402004	10403004			1				1	1			
110401021	狂三普攻-能量怪伤害	普攻对能量怪伤害+2%	10401005	icon/angleskill/10001_angleskillA.png	ui/fairy_angle/024.png	110401	100410	1	2	1	10402005	10403005			1			1	1	1	1041001-1041002-1041003-1041004-1041005		
110401022	狂三普攻-能量怪伤害	普攻对能量怪伤害+4%	10401006	icon/angleskill/10001_angleskillA.png	ui/fairy_angle/024.png	110401	100410	1	2	2	10402006	10403006			1			1	1	1	1041006-1041007-1041008-1041009-1041010		
110401023	狂三普攻-能量怪伤害	普攻对能量怪伤害+6%	10401007	icon/angleskill/10001_angleskillA.png	ui/fairy_angle/024.png	110401	100410	1	2	3	10402007	10403007			1			1	1	1	1041011-1041012-1041013-1041014-1041015		
110401024	狂三普攻-能量怪伤害	普攻对能量怪伤害+8%	10401008	icon/angleskill/10001_angleskillA.png	ui/fairy_angle/024.png	110401	100410	1	2	4	10402008	10403008			1			1	1	1	1041016-1041017-1041018-1041019-1041020		
110401071	狂三普攻-狂三4段	普攻可以连续释放4段伤害	10401009	icon/angleskill/10101_angleskillA.png	ui/fairy_angle/024.png	110401	100410	1	7	1	10402009	10403009			1		[110401081,110401082,110401083,110401084]		1	1	1041801		
110401051	狂三普攻-穿透率	普攻穿透率+3%	10401010	icon/angleskill/10101_angleskillA.png	ui/fairy_angle/024.png	110401	100410	1	5	1	10402010	10403010			1	[[110401131]]			1	1	1041021-1041022-1041023-1041024-1041025		
110401052	狂三普攻-穿透率	普攻穿透率+5%	10401011	icon/angleskill/10101_angleskillA.png	ui/fairy_angle/024.png	110401	100410	1	5	2	10402011	10403011			1	[[110401131]]			1	1	1041026-1041027-1041028-1041029-1041030		
110401053	狂三普攻-穿透率	普攻穿透率+7%	10401012	icon/angleskill/10101_angleskillA.png	ui/fairy_angle/024.png	110401	100410	1	5	3	10402012	10403012			1	[[110401131]]			1	1	1041031-1041032-1041033-1041034-1041035		
110401054	狂三普攻-穿透率	普攻穿透率+10%	10401013	icon/angleskill/10101_angleskillA.png	ui/fairy_angle/024.png	110401	100410	1	5	4	10402013	10403013			1	[[110401131]]	[110401041,110401042,110401043]		1	1	1041036-1041037-1041038-1041039-1041040		
110401341	狂三普攻-吸血	普攻命中目标时,将会把伤害值的1%转化为自身生命值	10401014	icon/angleskill/10102_angleskillA.png	ui/fairy_angle/024.png	110401	100410	1	34	1	10402014	10403014			1				1	1		10510411	
110401342	狂三普攻-吸血	普攻命中目标时,将会把伤害值的2%转化为自身生命值	10401015	icon/angleskill/10102_angleskillA.png	ui/fairy_angle/024.png	110401	100410	1	34	2	10402015	10403015			1				1	1		10510412	
110401343	狂三普攻-吸血	普攻命中目标时,将会把伤害值的3%转化为自身生命值	10401016	icon/angleskill/10102_angleskillA.png	ui/fairy_angle/024.png	110401	100410	1	34	3	10402016	10403016			1				1	1		10510413	
110401344	狂三普攻-吸血	普攻命中目标时,将会把伤害值的4%转化为自身生命值	10401017	icon/angleskill/10102_angleskillA.png	ui/fairy_angle/024.png	110401	100410	1	34	4	10402017	10403017			1				1	1		10510414	
110401131	狂三普攻-狂三5段	普攻可以连续释放5段伤害	10401018	icon/angleskill/10104_angleskillA.png	ui/fairy_angle/024.png	110401	100410	1	13	1	10402018	10403018			1	[[110401123]]	[110401051,110401052,110401053,110401054]		1	1	1041802		
110401041	狂三普攻-暴击率	普攻暴击率+2%	10401019	icon/angleskill/10105_angleskillA.png	ui/fairy_angle/024.png	110401	100410	1	4	1	10402019	10403019			1	[[110401054]]			1	1	1041041-1041042-1041043-1041044-1041045		
110401042	狂三普攻-暴击率	普攻暴击率+4%	10401020	icon/angleskill/10105_angleskillA.png	ui/fairy_angle/024.png	110401	100410	1	4	2	10402020	10403020			1	[[110401054]]			1	1	1041046-1041047-1041048-1041049-1041050		
110401043	狂三普攻-暴击率	普攻暴击率+6%	10401021	icon/angleskill/10105_angleskillA.png	ui/fairy_angle/024.png	110401	100410	1	4	3	10402021	10403021			1	[[110401054]]	[110401151]		1	1	1041051-1041052-1041053-1041054-1041055		
110401081	狂三普攻-Boss伤	普攻对Boss伤害+2%	10401022	icon/angleskill/10106_angleskillA.png	ui/fairy_angle/024.png	110401	100410	1	8	1	10402022	10403022			1	[[110401071]]			1	1	1041056-1041057-1041058-1041059-1041060		
110401082	狂三普攻-Boss伤	普攻对Boss伤害+4%	10401023	icon/angleskill/10106_angleskillA.png	ui/fairy_angle/024.png	110401	100410	1	8	2	10402023	10403023			1	[[110401071]]			1	1	1041061-1041062-1041063-1041064-1041065		
110401083	狂三普攻-Boss伤	普攻对Boss伤害+7%	10401024	icon/angleskill/10106_angleskillA.png	ui/fairy_angle/024.png	110401	100410	1	8	3	10402024	10403024			1	[[110401071]]			1	1	1041066-1041067-1041068-1041069-1041070		
110401084	狂三普攻-Boss伤	普攻对Boss伤害+10%	10401025	icon/angleskill/10106_angleskillA.png	ui/fairy_angle/024.png	110401	100410	1	8	4	10402025	10403025			1	[[110401071]]	[110401121,110401122,110401123]		1	1	1041071-1041072-1041073-1041074-1041075		
110401151	狂三普攻-3级	普攻攻击范围+20%	10401026	icon/angleskill/10107_angleskillA.png	ui/fairy_angle/024.png	110401	100410	1	15	1	10402026	10403026			1	[[110401043]]			1	1	1041803-1041804-1041805-1041806-1041807		
110401121	狂三普攻-命中恢复时间值	普攻每次命中目标都有10%几率恢复1点时间值	10401027	icon/angleskill/10108_angleskillA.png	ui/fairy_angle/024.png	110401	100410	1	12	1	10402027	10403027			1	[[110401084]]			1	1		10510911	
110401122	狂三普攻-命中恢复时间值	普攻每次命中目标都有20%几率恢复1点时间值	10401028	icon/angleskill/10108_angleskillA.png	ui/fairy_angle/024.png	110401	100410	1	12	2	10402028	10403028			1	[[110401084]]			1	1		10510912	
110401123	狂三普攻-命中恢复时间值	普攻每次命中目标都有30%几率恢复1点时间值	10401029	icon/angleskill/10108_angleskillA.png	ui/fairy_angle/024.png	110401	100410	1	12	3	10402029	10403029			1	[[110401084]]	[110401131]		1	1		10510913	
110402151	狂三技能1-移动速度	技能1使用后,移速+10%,持续5秒	10401032	icon/angleskill/10109_angleskillA.png	ui/fairy_angle/026.png	110401	100470	2	15	1	10402032	10403032			1	[[110402161]]			1	1		10520111	
110402152	狂三技能1-移动速度	技能1使用后,移速+20%,持续5秒	10401033	icon/angleskill/10109_angleskillA.png	ui/fairy_angle/026.png	110401	100470	2	15	2	10402033	10403033			1	[[110402161]]			1	1		10520112	
110402153	狂三技能1-移动速度	技能1使用后,移速+30%,持续5秒	10401034	icon/angleskill/10109_angleskillA.png	ui/fairy_angle/026.png	110401	100470	2	15	3	10402034	10403034			1	[[110402161]]	[110402091]		1	1		10520113	
110402161	狂三技能1-1级	侧滑铲结束,衔接自身旋转开枪四周范围攻击1次	10401035	icon/angleskill/10110_angleskillA.png	ui/fairy_angle/026.png	110401	100470	2	16	1	10402035	10403035			1	[[110402074]]	[110402151,110402152,110402153]		1	1	1042801		
110402051	狂三技能1-+闪避	技能1使用后,闪避+20%,持续3秒	10401036	icon/angleskill/10111_angleskillA.png	ui/fairy_angle/026.png	110401	100470	2	5	1	10402036	10403036			1	[[110402091]]			1	1		10520311	
110402052	狂三技能1-+闪避	技能1使用后,闪避+40%,持续3秒	10401037	icon/angleskill/10111_angleskillA.png	ui/fairy_angle/026.png	110401	100470	2	5	2	10402037	10403037			1	[[110402091]]			1	1		10520312	
110402053	狂三技能1-+闪避	技能1使用后,闪避+60%,持续3秒	10401038	icon/angleskill/10111_angleskillA.png	ui/fairy_angle/026.png	110401	100470	2	5	3	10402038	10403038			1	[[110402091]]	[110402061]		1	1		10520313	
110402071	狂三技能1-Boss伤	技能1对Boss伤害+2%	10401039	icon/angleskill/10112_angleskillA.png	ui/fairy_angle/026.png	110401	100470	2	7	1	10402039	10403039			1			1	1	1	1042001-1042002-1042003-1042004-1042005-1042006-1042007		
110402072	狂三技能1-Boss伤	技能1对Boss伤害+4%	10401040	icon/angleskill/10112_angleskillA.png	ui/fairy_angle/026.png	110401	100470	2	7	2	10402040	10403040			1			1	1	1	1042008-1042009-1042010-1042011-1042012-1042013-1042014		
110402073	狂三技能1-Boss伤	技能1对Boss伤害+7%	10401041	icon/angleskill/10112_angleskillA.png	ui/fairy_angle/026.png	110401	100470	2	7	3	10402041	10403041			1			1	1	1	1042015-1042016-1042017-1042018-1042019-1042020-1042021		
110402074	狂三技能1-Boss伤	技能1对Boss伤害+10%	10401042	icon/angleskill/10112_angleskillA.png	ui/fairy_angle/026.png	110401	100470	2	7	4	10402042	10403042			1		[110402161]	1	1	1	1042022-1042023-1042024-1042025-1042026-1042027-1042028		
110402091	狂三技能1-2级	转圈时间延长至2秒,并且可以控制移动	10401043	icon/angleskill/10113_angleskillA.png	ui/fairy_angle/026.png	110401	100470	2	9	1	10402043	10403043			1	[[110402153]]	[110402051,110402052,110402053]		1	1	1042802		
110402351	狂三技能1-攻速	技能1攻速+10%	10401044	icon/angleskill/10114_angleskillA.png	ui/fairy_angle/026.png	110401	100470	2	35	1	10402044	10403044			1				1	1	1042029-1042030-1042031-1042032-1042033-1042034-1042035		
110402352	狂三技能1-攻速	技能1攻速+15%	10401045	icon/angleskill/10114_angleskillA.png	ui/fairy_angle/026.png	110401	100470	2	35	2	10402045	10403045			1				1	1	1042036-1042037-1042038-1042039-1042040-1042041-1042042		
110402353	狂三技能1-攻速	技能1攻速+20%	10401046	icon/angleskill/10114_angleskillA.png	ui/fairy_angle/026.png	110401	100470	2	35	3	10402046	10403046			1				1	1	1042043-1042044-1042045-1042046-1042047-1042048-1042049		
110402354	狂三技能1-攻速	技能1攻速+25%	10401047	icon/angleskill/10114_angleskillA.png	ui/fairy_angle/026.png	110401	100470	2	35	4	10402047	10403047			1				1	1	1042050-1042051-1042052-1042053-1042054-1042055-1042056		
110402341	狂三技能1-消耗	技能1时间值消耗-0.5	10401048	icon/angleskill/10115_angleskillA.png	ui/fairy_angle/026.png	110401	100470	2	34	1	10402048	10403048			1				1	1	1042057		
110402342	狂三技能1-消耗	技能1时间值消耗-1	10401049	icon/angleskill/10115_angleskillA.png	ui/fairy_angle/026.png	110401	100470	2	34	2	10402049	10403049			1				1	1	1042058		
110402343	狂三技能1-消耗	技能1时间值消耗-1.5	10401050	icon/angleskill/10115_angleskillA.png	ui/fairy_angle/026.png	110401	100470	2	34	3	10402050	10403050			1				1	1	1042059		
110402061	狂三技能1-3级	技能1攻击范围+20%	10401051	icon/angleskill/10116_angleskillA.png	ui/fairy_angle/026.png	110401	100470	2	6	1	10402051	10403051			1	[[110402053]]	[110402021,110402022,110402023,110402024]		1	1	1042803		
110402021	狂三技能1-技能伤	技能1伤害+5%	10401052	icon/angleskill/10117_angleskillA.png	ui/fairy_angle/026.png	110401	100470	2	2	1	10402052	10403052			1	[[110402061]]			1	1	1042060-1042061-1042062-1042063-1042064-1042065-1042066		
110402022	狂三技能1-技能伤	技能1伤害+10%	10401053	icon/angleskill/10117_angleskillA.png	ui/fairy_angle/026.png	110401	100470	2	2	2	10402053	10403053			1	[[110402061]]			1	1	1042067-1042068-1042069-1042070-1042071-1042072-1042073		
110402023	狂三技能1-技能伤	技能1伤害+15%	10401054	icon/angleskill/10117_angleskillA.png	ui/fairy_angle/026.png	110401	100470	2	2	3	10402054	10403054			1	[[110402061]]			1	1	1042074-1042075-1042076-1042077-1042078-1042079-1042080		
110402024	狂三技能1-技能伤	技能1伤害+20%	10401055	icon/angleskill/10117_angleskillA.png	ui/fairy_angle/026.png	110401	100470	2	2	4	10402055	10403055			1	[[110402061]]			1	1	1042081-1042082-1042083-1042084-1042085-1042086-1042087		
110403341	狂三技能2-浮空伤	技能2对浮空的敌人伤害+7%	10401056	icon/angleskill/10118_angleskillA.png	ui/fairy_angle/027.png	110401	100480	3	34	1	10402056	10403056			1				1	1		10530111	
110403342	狂三技能2-浮空伤	技能2对浮空的敌人伤害+13%	10401057	icon/angleskill/10118_angleskillA.png	ui/fairy_angle/027.png	110401	100480	3	34	2	10402057	10403057			1				1	1		10530112	
110403343	狂三技能2-浮空伤	技能2对浮空的敌人伤害+20%	10401058	icon/angleskill/10118_angleskillA.png	ui/fairy_angle/027.png	110401	100480	3	34	3	10402058	10403058			1				1	1		10530113	
110403121	狂三技能2-1级	开枪次数增加	10401059	icon/angleskill/10119_angleskillA.png	ui/fairy_angle/027.png	110401	100480	3	12	1	10402059	10403059			1	[[110403074]]	[110403131,110403132,110403133]		1	1	1043801		
110403021	狂三技能2-穿透率	技能2穿透率+3%	10401060	icon/angleskill/10120_angleskillA.png	ui/fairy_angle/027.png	110401	100480	3	2	1	10402060	10403060			1	[[110403031]]			1	1	1043001-1043002-1043003-1043004-1043005-1043006		
110403022	狂三技能2-穿透率	技能2穿透率+5%	10401061	icon/angleskill/10120_angleskillA.png	ui/fairy_angle/027.png	110401	100480	3	2	2	10402061	10403061			1	[[110403031]]			1	1	1043007-1043008-1043009-1043010-1043011-1043012		
110403023	狂三技能2-穿透率	技能2穿透率+7%	10401062	icon/angleskill/10120_angleskillA.png	ui/fairy_angle/027.png	110401	100480	3	2	3	10402062	10403062			1	[[110403031]]			1	1	1043013-1043014-1043015-1043016-1043017-1043018		
110403024	狂三技能2-穿透率	技能2穿透率+10%	10401063	icon/angleskill/10120_angleskillA.png	ui/fairy_angle/027.png	110401	100480	3	2	4	10402063	10403063			1	[[110403031]]	[110403051]		1	1	1043019-1043020-1043021-1043022-1043023-1043024		
110403071	狂三技能2-Boss伤	技能2对Boss伤害+2%	10401064	icon/angleskill/10121_angleskillA.png	ui/fairy_angle/027.png	110401	100480	3	7	1	10402064	10403064			1			1	1	1	1043025-1043026-1043027-1043028-1043029-1043030		
110403072	狂三技能2-Boss伤	技能2对Boss伤害+4%	10401065	icon/angleskill/10121_angleskillA.png	ui/fairy_angle/027.png	110401	100480	3	7	2	10402065	10403065			1			1	1	1	1043031-1043032-1043033-1043034-1043035-1043036		
110403073	狂三技能2-Boss伤	技能2对Boss伤害+7%	10401066	icon/angleskill/10121_angleskillA.png	ui/fairy_angle/027.png	110401	100480	3	7	3	10402066	10403066			1			1	1	1	1043037-1043038-1043039-1043040-1043041-1043042		
110403074	狂三技能2-Boss伤	技能2对Boss伤害+10%	10401067	icon/angleskill/10121_angleskillA.png	ui/fairy_angle/027.png	110401	100480	3	7	4	10402067	10403067			1		[110403121]	1	1	1	1043043-1043044-1043045-1043046-1043047-1043048		
110403031	狂三技能2-2级	初始时自身旋转向上,把周围的敌人击飞	10401068	icon/angleskill/10122_angleskillA.png	ui/fairy_angle/027.png	110401	100480	3	3	1	10402068	10403068			1	[[110403094]]	[110403021,110403022,110403023,110403024]		1	1	1043802		
110403091	狂三技能2-技能伤	技能2伤害+5%	10401069	icon/angleskill/20001_angleskillA.png	ui/fairy_angle/027.png	110401	100480	3	9	1	10402069	10403069			1	[[110403133]]			1	1	1043049-1043050-1043051-1043052-1043053-1043054		
110403092	狂三技能2-技能伤	技能2伤害+10%	10401070	icon/angleskill/20001_angleskillA.png	ui/fairy_angle/027.png	110401	100480	3	9	2	10402070	10403070			1	[[110403133]]			1	1	1043055-1043056-1043057-1043058-1043059-1043060		
110403093	狂三技能2-技能伤	技能2伤害+15%	10401071	icon/angleskill/20001_angleskillA.png	ui/fairy_angle/027.png	110401	100480	3	9	3	10402071	10403071			1	[[110403133]]			1	1	1043061-1043062-1043063-1043064-1043065-1043066		
110403094	狂三技能2-技能伤	技能2伤害+20%	10401072	icon/angleskill/20001_angleskillA.png	ui/fairy_angle/027.png	110401	100480	3	9	4	10402072	10403072			1	[[110403133]]	[110403031]		1	1	1043067-1043068-1043069-1043070-1043071-1043072		
110403351	狂三技能2-消耗	技能2时间值消耗-1	10401073	icon/angleskill/20001_angleskillA.png	ui/fairy_angle/027.png	110401	100480	3	35	1	10402073	10403073			1				1	1	1043073		
110403352	狂三技能2-消耗	技能2时间值消耗-2	10401074	icon/angleskill/20001_angleskillA.png	ui/fairy_angle/027.png	110401	100480	3	35	2	10402074	10403074			1				1	1	1043074		
110403353	狂三技能2-消耗	技能2时间值消耗-3	10401075	icon/angleskill/20001_angleskillA.png	ui/fairy_angle/027.png	110401	100480	3	35	3	10402075	10403075			1				1	1	1043075		
110403051	狂三技能2-3级	不会再强制向后跳,可在空中控制位移	10401076	icon/angleskill/20002_angleskillA.png	ui/fairy_angle/027.png	110401	100480	3	5	1	10402076	10403076			1	[[110403024]]			1	1	1043803		
110403131	狂三技能2-暴击率	技能2暴击率+2%	10401077	icon/angleskill/30001_angleskillA.png	ui/fairy_angle/027.png	110401	100480	3	13	1	10402077	10403077			1	[[110403121]]			1	1	1043076-1043077-1043078-1043079-1043080-1043081		
110403132	狂三技能2-暴击率	技能2暴击率+4%	10401078	icon/angleskill/30001_angleskillA.png	ui/fairy_angle/027.png	110401	100480	3	13	2	10402078	10403078			1	[[110403121]]			1	1	1043082-1043083-1043084-1043085-1043086-1043087		
110403133	狂三技能2-暴击率	技能2暴击率+6%	10401079	icon/angleskill/30001_angleskillA.png	ui/fairy_angle/027.png	110401	100480	3	13	3	10402079	10403079			1	[[110403121]]	[110403091,110403092,110403093,110403094]		1	1	1043088-1043089-1043090-1043091-1043092-1043093		
110404181	狂三必杀-暴击率	必杀暴击率+2%	10401080	icon/angleskill/30002_angleskillA.png	ui/fairy_angle/025.png	110401	100420	4	18	1	10402080	10403080			1	[[110404123]]			1	1	1044001-1044002-1044003-1044004-1044005		
110404182	狂三必杀-暴击率	必杀暴击率+4%	10401081	icon/angleskill/30002_angleskillA.png	ui/fairy_angle/025.png	110401	100420	4	18	2	10402081	10403081			1	[[110404123]]			1	1	1044006-1044007-1044008-1044009-1044010		
110404183	狂三必杀-暴击率	必杀暴击率+6%	10401082	icon/angleskill/30002_angleskillA.png	ui/fairy_angle/025.png	110401	100420	4	18	3	10402082	10403082			1	[[110404123]]	[110404191]		1	1	1044011-1044012-1044013-1044014-1044015		
110404031	狂三必杀-1级	攻击次数增加至8次	10401083	icon/angleskill/30003_angleskillA.png	ui/fairy_angle/025.png	110401	100420	4	3	1	10402083	10403083			1	[[110404023]]	[110404121,110404122,110404123]		1	1	1044801		
110404021	狂三必杀-消耗	必杀时间值消耗-1	10401084	icon/angleskill/30004_angleskillA.png	ui/fairy_angle/025.png	110401	100420	4	2	1	10402084	10403084			1	[[110404104]]			1	1	1044016		
110404022	狂三必杀-消耗	必杀时间值消耗-2	10401085	icon/angleskill/30004_angleskillA.png	ui/fairy_angle/025.png	110401	100420	4	2	2	10402085	10403085			1	[[110404104]]			1	1	1044017		
110404023	狂三必杀-消耗	必杀时间值消耗-3	10401086	icon/angleskill/30004_angleskillA.png	ui/fairy_angle/025.png	110401	100420	4	2	3	10402086	10403086			1	[[110404104]]	[110404031]		1	1	1044018		
110404211	狂三必杀-穿透率	必杀穿透率+3%	10401087	icon/angleskill/30005_angleskillA.png	ui/fairy_angle/025.png	110401	100420	4	21	1	10402087	10403087			1	[[110404191]]			1	1	1044019-1044020-1044021-1044022-1044023		
110404212	狂三必杀-穿透率	必杀穿透率+5%	10401088	icon/angleskill/30005_angleskillA.png	ui/fairy_angle/025.png	110401	100420	4	21	2	10402088	10403088			1	[[110404191]]			1	1	1044024-1044025-1044026-1044027-1044028		
110404213	狂三必杀-穿透率	必杀穿透率+7%	10401089	icon/angleskill/30005_angleskillA.png	ui/fairy_angle/025.png	110401	100420	4	21	3	10402089	10403089			1	[[110404191]]			1	1	1044029-1044030-1044031-1044032-1044033		
110404214	狂三必杀-穿透率	必杀穿透率+10%	10401090	icon/angleskill/30005_angleskillA.png	ui/fairy_angle/025.png	110401	100420	4	21	4	10402090	10403090			1	[[110404191]]	[110404241]		1	1	1044034-1044035-1044036-1044037-1044038		
110404191	狂三必杀-2级	每次乱射会自动寻找最近的敌人	10401091	icon/angleskill/30006_angleskillA.png	ui/fairy_angle/025.png	110401	100420	4	19	1	10402091	10403091			1	[[110404183]]	[110404211,110404212,110404213,110404214]		1	1	1044802		
110404121	狂三必杀-命中减防	必杀每次命中目标,都将使目标防御-3%,最大可叠加5层,持续5秒	10401092	icon/angleskill/40001_angleskillA.png	ui/fairy_angle/025.png	110401	100420	4	12	1	10402092	10403092			1	[[110404031]]			1	1		10540611	
110404122	狂三必杀-命中减防	必杀每次命中目标,都将使目标防御-5%,最大可叠加5层,持续5秒	10401093	icon/angleskill/40001_angleskillA.png	ui/fairy_angle/025.png	110401	100420	4	12	2	10402093	10403093			1	[[110404031]]			1	1		10540612	
110404123	狂三必杀-命中减防	必杀每次命中目标,都将使目标防御-8%,最大可叠加5层,持续5秒	10401094	icon/angleskill/40001_angleskillA.png	ui/fairy_angle/025.png	110401	100420	4	12	3	10402094	10403094			1	[[110404031]]	[110404181,110404182,110404183]		1	1		10540613	
110404341	狂三必杀-命中回复	必杀命中目标时,将会把伤害值的5%转化为自身生命值	10401095	icon/angleskill/40002_angleskillA.png	ui/fairy_angle/025.png	110401	100420	4	34	1	10402095	10403095			1				1	1		10540711	
110404342	狂三必杀-命中回复	必杀命中目标时,将会把伤害值的10%转化为自身生命值	10401096	icon/angleskill/40002_angleskillA.png	ui/fairy_angle/025.png	110401	100420	4	34	2	10402096	10403096			1				1	1		10540712	
110404343	狂三必杀-命中回复	必杀命中目标时,将会把伤害值的15%转化为自身生命值	10401097	icon/angleskill/40002_angleskillA.png	ui/fairy_angle/025.png	110401	100420	4	34	3	10402097	10403097			1				1	1		10540713	
110404241	狂三必杀-3级	攻击时的残影会留在原地。技能结束时,全部爆开	10401098	icon/angleskill/50005_angleskillA.png	ui/fairy_angle/025.png	110401	100420	4	24	1	10402098	10403098			1	[[110404214]]			1	1	1044803		
110404101	狂三必杀-Boss伤	必杀对Boss伤害+2%	10401099	icon/angleskill/40003_angleskillA.png	ui/fairy_angle/025.png	110401	100420	4	10	1	10402099	10403099			1			1	1	1	1044039-1044040-1044041-1044042-1044043		
110404102	狂三必杀-Boss伤	必杀对Boss伤害+4%	10401100	icon/angleskill/40003_angleskillA.png	ui/fairy_angle/025.png	110401	100420	4	10	2	10402100	10403100			1			1	1	1	1044044-1044045-1044046-1044047-1044048		
110404103	狂三必杀-Boss伤	必杀对Boss伤害+7%	10401101	icon/angleskill/40003_angleskillA.png	ui/fairy_angle/025.png	110401	100420	4	10	3	10402101	10403101			1			1	1	1	1044049-1044050-1044051-1044052-1044053		
110404104	狂三必杀-Boss伤	必杀对Boss伤害+10%	10401102	icon/angleskill/40003_angleskillA.png	ui/fairy_angle/025.png	110401	100420	4	10	4	10402102	10403102			1		[110404021,110404022,110404023]	1	1	1	1044054-1044055-1044056-1044057-1044058		
110410011	狂三被动1	每次击杀敌人都将获得5点时间值	10401103	icon/angleskill/50001_angleskillA.png		110401		10	1	1	10402103	10403103							1			10570111	
110410021	狂三被动2	暴击将获得2点时间值	10401104	icon/angleskill/50001_angleskillA.png		110401		10	2	1	10402104	10403104							2			10570211	
110410031	狂三被动3	每次命中都有20%几率在目标位置产生1次残影攻击,残影周围的目标造成30%的伤害	10401105	icon/angleskill/50001_angleskillA.png		110401		10	3	1	10402105	10403105							3			10570311	
110410041	狂三被动4	释放任意技能后,自身攻速+20%,移动速度+15%,持续5秒,不可叠加	10401106	icon/angleskill/50002_angleskillA.png		110401		10	4	1	10402106	10403106							4			10570411-10570421-10570431-10570441-10570451	
110410051	狂三被动5	对生命值低于30%的敌人,技能暴击率+20%	10401107	icon/angleskill/50003_angleskillA.png		110401		10	5	1	10402107	10403107							5			10570511	
110410061	狂三被动6	所有技能消耗降低3点时间值	10401108	icon/angleskill/50004_angleskillA.png		110401		10	6	1	10402108	10403108							6		1045001-1045002-1045003		
110410071	狂三被动7	所有技能消耗的时间值+7点,技能伤害+20%	10401109	icon/angleskill/50005_angleskillA.png		110401		10	7	1	10402109	10403109							7		1045004-1045005-1045006-1045007-1045008-1045009-1045010-1045011-1045012-1045013-1045014-1045015-1045016-1045017-1045018-1045019-1045020-1045021-1045022-1045023-1045024-1045025-1045026-1045027-1045028-1045029-1045030-1045031-1045032-1045033		
110410081	狂三被动8	当目标处于减益状态时,受到的技能伤害+15%	10401110	icon/angleskill/60001_angleskillA.png		110401		10	8	1	10402110	10403110							8			10570811	
110410091	狂三被动9	领域期间,每次对敌人造成伤害时,都有10%的几率触发减速、减防、眩晕、点燃、感电中的一种效果	10401111	icon/angleskill/60002_angleskillA.png		110401		10	9	1	10402111	10403111							9			10570911-10570921-10570931-10570941-10570951	
110410101	狂三被动10	领域触发后将使领域内的敌人静止5s	10401112	icon/angleskill/60003_angleskillA.png		110401		10	10	1	10402112	10403112							10			10571011	
110410111	狂三被动11	暴击将随机减少任意技能1秒冷却时间,此效果每5秒触发1次	10401113	icon/angleskill/60004_angleskillA.png		110401		10	11	1	10402113	10403113							11			10571111	
110410121	狂三被动12	食之领域持续时间延长5秒	10401114	icon/angleskill/60005_angleskillA.png		110401		10	12	1	10402114	10403114							12			10571211	
110410131	狂三被动13	当受到致命伤害时,将不会死亡并恢复20%的生命值,但是需要消耗50点时间值,若时间值不足,则失败。	10401115	icon/angleskill/70001_angleskillA.png		110401		10	13	1	10402115	10403115							13			10571311	
110410141	狂三被动14	时间值上限+30点,且每秒额外恢复1点时间值	10401116	icon/angleskill/70002_angleskillA.png		110401		10	14	1	10402116	10403116							14				
110410151	狂三被动15	每消耗1点时间值,都会为自身恢复0.5%的生命值	10401117	icon/angleskill/70003_angleskillA.png		110401		10	15	1	10402117	10403117							15			10571511-10571521-10571531-10571541-10571551	
110410161	狂三被动16	每击杀1个目标,+1%攻击力,最高叠加20层,持续20秒	10401118	icon/angleskill/70004_angleskillA.png		110401		10	16	1	10402118	10403118							16			10571611	
110506011	琴里觉醒-1级	琴里觉醒-1级	10501001	icon/angleskill/70005_angleskillA.png		110501	100530	6	1	1	10502001	10503001			1				1	1			
110506012	琴里觉醒-2级	琴里觉醒-2级	10501002	icon/angleskill/70006_angleskillA.png		110501	100530	6	1	2	10502002	10503002			1				2	1			
110506013	琴里觉醒-3级	琴里觉醒-3级	10501003	icon/angleskill/80001_angleskillA.png		110501	100530	6	1	3	10502003	10503003			1				3	1			
110506014	琴里觉醒-4级	琴里觉醒-4级	10501004	icon/angleskill/10101_angleskillA.png		110501	100530	6	1	4	10502004	10503004			1				4	1			
110501091	琴里-普攻-普攻伤	普攻伤害+5%	10501005	icon/angleskill/10101_angleskillA.png	ui/fairy_angle/024.png	110501	100510	1	9	1	10502005	10503005			1	[[110501081]]			1	1	1051001-1051002-1051003-1051004-1051005-1051006-1051007-1051008-1051009		
110501092	琴里-普攻-普攻伤	普攻伤害+10%	10501006	icon/angleskill/10101_angleskillA.png	ui/fairy_angle/024.png	110501	100510	1	9	2	10502006	10503006			1	[[110501081]]			1	1	1051010-1051011-1051012-1051013-1051014-1051015-1051016-1051017-1051018		
110501093	琴里-普攻-普攻伤	普攻伤害+15%	10501007	icon/angleskill/10101_angleskillA.png	ui/fairy_angle/024.png	110501	100510	1	9	3	10502007	10503007			1	[[110501081]]			1	1	1051019-1051020-1051021-1051022-1051023-1051024-1051025-1051026-1051027		
110501094	琴里-普攻-普攻伤	普攻伤害+20%	10501008	icon/angleskill/10102_angleskillA.png	ui/fairy_angle/024.png	110501	100510	1	9	4	10502008	10503008			1	[[110501081]]	[110501101,110501102,110501103]		1	1	1051028-1051029-1051030-1051031-1051032-1051033-1051034-1051035-1051036		
110501051	琴里-普攻-4段	普通状态：\n普攻可以连续释放4段攻击\n觉醒状态：\n火球暴击时,将会产生小范围爆炸。	10501009	icon/angleskill/10102_angleskillA.png	ui/fairy_angle/024.png	110501	100510	1	5	1	10502009	10503009			1	[[110501023]]	[110501131,110501132,110501133]		1	1	1051801		
110501131	琴里-普攻-消耗	普攻消耗-1点	10501010	icon/angleskill/10103_angleskillA.png	ui/fairy_angle/024.png	110501	100510	1	13	1	10502010	10503010			1	[[110501051]]			1	1	1051037-1051038		
110501132	琴里-普攻-消耗	普攻消耗-2点	10501011	icon/angleskill/10103_angleskillA.png	ui/fairy_angle/024.png	110501	100510	1	13	2	10502011	10503011			1	[[110501051]]			1	1	1051039-1051040		
110501133	琴里-普攻-消耗	普攻消耗-3点	10501012	icon/angleskill/10103_angleskillA.png	ui/fairy_angle/024.png	110501	100510	1	13	3	10502012	10503012			1	[[110501051]]	[110501121,110501122,110501123,110501124]		1	1	1051041-1051042		
110501021	琴里-普攻-普怪伤	普攻对普通怪物伤害+4%	10501013	icon/angleskill/10104_angleskillA.png	ui/fairy_angle/024.png	110501	100510	1	2	1	10502013	10503013			1			1	1	1	1051043-1051044-1051045-1051046-1051047-1051048-1051049-1051050-1051051		
110501022	琴里-普攻-普怪伤	普攻对普通怪物伤害+8%	10501014	icon/angleskill/10104_angleskillA.png	ui/fairy_angle/024.png	110501	100510	1	2	2	10502014	10503014			1			1	1	1	1051052-1051053-1051054-1051055-1051056-1051057-1051058-1051059-1051060		
110501023	琴里-普攻-普怪伤	普攻对普通怪物伤害+12%	10501015	icon/angleskill/10104_angleskillA.png	ui/fairy_angle/024.png	110501	100510	1	2	3	10502015	10503015			1		[110501051]	1	1	1	1051061-1051062-1051063-1051064-1051065-1051066-1051067-1051068-1051069		
110501081	琴里-普攻-5段	普通状态：\n普攻可以连续释放5段攻击\n觉醒状态：\n火球暴击产生的爆炸范围+20%。	10501016	icon/angleskill/10105_angleskillA.png	ui/fairy_angle/024.png	110501	100510	1	8	1	10502016	10503016			1	[[110501124]]	[110501091,110501092,110501093,110501094]		1	1	1051802		
110501071	琴里-普攻-人形怪物伤	普攻对人形怪物伤害+2%	10501017	icon/angleskill/10106_angleskillA.png	ui/fairy_angle/024.png	110501	100510	1	7	1	10502017	10503017			1				1	1	1051070-1051071-1051072-1051073-1051074-1051075-1051076-1051077-1051078		
110501072	琴里-普攻-人形怪物伤	普攻对人形怪物伤害+4%	10501018	icon/angleskill/10106_angleskillA.png	ui/fairy_angle/024.png	110501	100510	1	7	2	10502018	10503018			1				1	1	1051079-1051080-1051081-1051082-1051083-1051084-1051085-1051086-1051087		
110501073	琴里-普攻-人形怪物伤	普攻对人形怪物伤害+6%	10501019	icon/angleskill/10106_angleskillA.png	ui/fairy_angle/024.png	110501	100510	1	7	3	10502019	10503019			1				1	1	1051088-1051089-1051090-1051091-1051092-1051093-1051094-1051095-1051096		
110501074	琴里-普攻-人形怪物伤	普攻对人形怪物伤害+8%	10501020	icon/angleskill/10106_angleskillA.png	ui/fairy_angle/024.png	110501	100510	1	7	4	10502020	10503020			1				1	1	1051097-1051098-1051099-1051100-1051101-1051102-1051103-1051104-1051105		
110501101	琴里-普攻-暴击率	普攻暴击率+2%	10501021	icon/angleskill/10107_angleskillA.png	ui/fairy_angle/024.png	110501	100510	1	10	1	10502021	10503021			1	[[110501094]]			1	1	1051106-1051107-1051108-1051109-1051110-1051111-1051112-1051113-1051114		
110501102	琴里-普攻-暴击率	普攻暴击率+4%	10501022	icon/angleskill/10107_angleskillA.png	ui/fairy_angle/024.png	110501	100510	1	10	2	10502022	10503022			1	[[110501094]]			1	1	1051115-1051116-1051117-1051118-1051119-1051120-1051121-1051122-1051123		
110501103	琴里-普攻-暴击率	普攻暴击率+6%	10501023	icon/angleskill/10107_angleskillA.png	ui/fairy_angle/024.png	110501	100510	1	10	3	10502023	10503023			1	[[110501094]]	[110501341]		1	1	1051124-1051125-1051126-1051127-1051128-1051129-1051130-1051131-1051132		
110501341	琴里-普攻-3级	普通状态：\n普攻攻击范围+20%\n觉醒状态：\n普攻将不再发射小火球,而是会发射大火球	10501024	icon/angleskill/10108_angleskillA.png	ui/fairy_angle/024.png	110501	100510	1	34	1	10502024	10503024			1	[[110501103]]			1	1	1051803-1051804-1051805-1051806-1051807		
110501121	琴里-普攻-点燃	普攻命中目标时,将有4%的几率点燃目标	10501025	icon/angleskill/10109_angleskillA.png	ui/fairy_angle/024.png	110501	100510	1	12	1	10502025	10503025			1	[[110501133]]			1	1		10610811-10610821	
110501122	琴里-普攻-点燃	普攻命中目标时,将有8%的几率点燃目标	10501026	icon/angleskill/10109_angleskillA.png	ui/fairy_angle/024.png	110501	100510	1	12	2	10502026	10503026			1	[[110501133]]			1	1		10610812-10610822	
110501123	琴里-普攻-点燃	普攻命中目标时,将有12%的几率点燃目标	10501027	icon/angleskill/10109_angleskillA.png	ui/fairy_angle/024.png	110501	100510	1	12	3	10502027	10503027			1	[[110501133]]			1	1		10610813-10610823	
110501124	琴里-普攻-点燃	普攻命中目标时,将有15%的几率点燃目标	10501028	icon/angleskill/10109_angleskillA.png	ui/fairy_angle/024.png	110501	100510	1	12	4	10502028	10503028			1	[[110501133]]	[110501081]		1	1		10610814-10610824	
110502171	琴里-技能1-技能伤	技能1伤害+5%	10501029	icon/angleskill/10110_angleskillA.png	ui/fairy_angle/026.png	110501	100521	2	17	1	10502029	10503029			1	[[110502151]]			1	1	1052001-1052002-1052003-1052004-1052005-1052006-1052007-1052008-1052009-1052010-1052011-1052012-1052013-1052014-1052015-1052016-1052017-1052018-1052019		
110502172	琴里-技能1-技能伤	技能1伤害+10%	10501030	icon/angleskill/10110_angleskillA.png	ui/fairy_angle/026.png	110501	100521	2	17	2	10502030	10503030			1	[[110502151]]			1	1	1052020-1052021-1052022-1052023-1052024-1052025-1052026-1052027-1052028-1052029-1052030-1052031-1052032-1052033-1052034-1052035-1052036-1052037-1052038		
110502173	琴里-技能1-技能伤	技能1伤害+15%	10501031	icon/angleskill/10110_angleskillA.png	ui/fairy_angle/026.png	110501	100521	2	17	3	10502031	10503031			1	[[110502151]]			1	1	1052039-1052040-1052041-1052042-1052043-1052044-1052045-1052046-1052047-1052048-1052049-1052050-1052051-1052052-1052053-1052054-1052055-1052056-1052057		
110502174	琴里-技能1-技能伤	技能1伤害+20%	10501032	icon/angleskill/10110_angleskillA.png	ui/fairy_angle/026.png	110501	100521	2	17	4	10502032	10503032			1	[[110502151]]	[110502181,110502182,110502183,110502184]		1	1	1052058-1052059-1052060-1052061-1052062-1052063-1052064-1052065-1052066-1052067-1052068-1052069-1052070-1052071-1052072-1052073-1052074-1052075-1052076		
110502061	琴里-技能1-1级	普通状态：\n重劈后,会形成火焰气浪往上炸起。造成范围内4次伤害\n觉醒状态：\n变为持续光束,持续0.8秒。造成4次伤害	10501033	icon/angleskill/10111_angleskillA.png	ui/fairy_angle/026.png	110501	100521	2	6	1	10502033	10503033			1	[[110502073]]	[110502051,110502052,110502053,110502054]		1	1	1052801-1052802		
110502051	琴里-技能1-点燃	技能1点燃目标的几率+4%	10501034	icon/angleskill/10112_angleskillA.png	ui/fairy_angle/026.png	110501	100521	2	5	1	10502034	10503034			1	[[110502061]]			1	1		10620311-10620321	
110502052	琴里-技能1-点燃	技能1点燃目标的几率+8%	10501035	icon/angleskill/10112_angleskillA.png	ui/fairy_angle/026.png	110501	100521	2	5	2	10502035	10503035			1	[[110502061]]			1	1		10620312-10620322	
110502053	琴里-技能1-点燃	技能1点燃目标的几率+12%	10501036	icon/angleskill/10112_angleskillA.png	ui/fairy_angle/026.png	110501	100521	2	5	3	10502036	10503036			1	[[110502061]]			1	1		10620313-10620323	
110502054	琴里-技能1-点燃	技能1点燃目标的几率+15%	10501037	icon/angleskill/10112_angleskillA.png	ui/fairy_angle/026.png	110501	100521	2	5	4	10502037	10503037			1	[[110502061]]	[110502091,110502092,110502093]		1	1		10620314-10620324	
110502181	琴里-技能1-穿透率	技能1穿透率+3%	10501038	icon/angleskill/10113_angleskillA.png	ui/fairy_angle/026.png	110501	100521	2	18	1	10502038	10503038			1	[[110502174]]			1	1	1052197-1052198-1052199-1052200-1052201-1052202-1052203-1052204-1052205-1052206-1052207-1052208-1052209-1052210-1052211-1052212-1052213-1052214-1052215		
110502182	琴里-技能1-穿透率	技能1穿透率+5%	10501039	icon/angleskill/10113_angleskillA.png	ui/fairy_angle/026.png	110501	100521	2	18	2	10502039	10503039			1	[[110502174]]			1	1	1052216-1052217-1052218-1052219-1052220-1052221-1052222-1052223-1052224-1052225-1052226-1052227-1052228-1052229-1052230-1052231-1052232-1052233-1052234		
110502183	琴里-技能1-穿透率	技能1穿透率+7%	10501040	icon/angleskill/10113_angleskillA.png	ui/fairy_angle/026.png	110501	100521	2	18	3	10502040	10503040			1	[[110502174]]			1	1	1052235-1052236-1052237-1052238-1052239-1052240-1052241-1052242-1052243-1052244-1052245-1052246-1052247-1052248-1052249-1052250-1052251-1052252-1052253		
110502184	琴里-技能1-穿透率	技能1穿透率+10%	10501041	icon/angleskill/10113_angleskillA.png	ui/fairy_angle/026.png	110501	100521	2	18	4	10502041	10503041			1	[[110502174]]	[110502221]		1	1	1052254-1052255-1052256-1052257-1052258-1052259-1052260-1052261-1052262-1052263-1052264-1052265-1052266-1052267-1052268-1052269-1052270-1052271-1052272		
110502151	琴里-技能1-2级	普通状态：\n地面会形成火焰,持续伤害范围敌人。\n觉醒状态：\n变为持续光束。持续1.4秒。造成7次伤害	10501042	icon/angleskill/10114_angleskillA.png	ui/fairy_angle/026.png	110501	100521	2	15	1	10502042	10503042			1	[[110502093]]	[110502171,110502172,110502173,110502174]		1	1	1052803-1052804		
110502071	琴里-技能1-消耗	技能1怒气值消耗-1	10501043	icon/angleskill/10115_angleskillA.png	ui/fairy_angle/026.png	110501	100521	2	7	1	10502043	10503043			1			1	1	1	1052077-1052078		
110502072	琴里-技能1-消耗	技能1怒气值消耗-2	10501044	icon/angleskill/10115_angleskillA.png	ui/fairy_angle/026.png	110501	100521	2	7	2	10502044	10503044			1			1	1	1	1052079-1052080		
110502073	琴里-技能1-消耗	技能1怒气值消耗-3	10501045	icon/angleskill/10115_angleskillA.png	ui/fairy_angle/026.png	110501	100521	2	7	3	10502045	10503045			1		[110502061]	1	1	1	1052081-1052082		
110502161	琴里-技能1-普怪伤	技能1对普通怪物伤害+4%	10501046	icon/angleskill/10116_angleskillA.png	ui/fairy_angle/026.png	110501	100521	2	16	1	10502046	10503046			1				1	1	1052083-1052084-1052085-1052086-1052087-1052088-1052089-1052090-1052091-1052092-1052093-1052094-1052095-1052096-1052097-1052098-1052099-1052100-1052101		
110502162	琴里-技能1-普怪伤	技能1对普通怪物伤害+8%	10501047	icon/angleskill/10116_angleskillA.png	ui/fairy_angle/026.png	110501	100521	2	16	2	10502047	10503047			1				1	1	1052102-1052103-1052104-1052105-1052106-1052107-1052108-1052109-1052110-1052111-1052112-1052113-1052114-1052115-1052116-1052117-1052118-1052119-1052120		
110502163	琴里-技能1-普怪伤	技能1对普通怪物伤害+12%	10501048	icon/angleskill/10116_angleskillA.png	ui/fairy_angle/026.png	110501	100521	2	16	3	10502048	10503048			1				1	1	1052121-1052122-1052123-1052124-1052125-1052126-1052127-1052128-1052129-1052130-1052131-1052132-1052133-1052134-1052135-1052136-1052137-1052138-1052139		
110502221	琴里-技能1-3级	普通状态：\n特效升级,攻击范围扩大\n觉醒状态：\n光束结束时,会爆炸。产生1次额外伤害	10501049	icon/angleskill/10117_angleskillA.png	ui/fairy_angle/026.png	110501	100521	2	22	1	10502049	10503049			1	[[110502184]]			1	1	1052805-1052806		
110502091	琴里-技能1-暴击率	技能1暴击率+2%	10501050	icon/angleskill/10118_angleskillA.png	ui/fairy_angle/026.png	110501	100521	2	9	1	10502050	10503050			1	[[110502054]]			1	1	1052140-1052141-1052142-1052143-1052144-1052145-1052146-1052147-1052148-1052149-1052150-1052151-1052152-1052153-1052154-1052155-1052156-1052157-1052158		
110502092	琴里-技能1-暴击率	技能1暴击率+4%	10501051	icon/angleskill/10118_angleskillA.png	ui/fairy_angle/026.png	110501	100521	2	9	2	10502051	10503051			1	[[110502054]]			1	1	1052159-1052160-1052161-1052162-1052163-1052164-1052165-1052166-1052167-1052168-1052169-1052170-1052171-1052172-1052173-1052174-1052175-1052176-1052177		
110502093	琴里-技能1-暴击率	技能1暴击率+6%	10501052	icon/angleskill/10118_angleskillA.png	ui/fairy_angle/026.png	110501	100521	2	9	3	10502052	10503052			1	[[110502054]]	[110502151]		1	1	1052178-1052179-1052180-1052181-1052182-1052183-1052184-1052185-1052186-1052187-1052188-1052189-1052190-1052191-1052192-1052193-1052194-1052195-1052196		
110503121	琴里-技能2-普怪伤	技能2对普通怪物伤害+4%	10501053	icon/angleskill/10119_angleskillA.png	ui/fairy_angle/027.png	110501	100522	3	12	1	10502053	10503053			1				1	1	1053001-1053002-1053003-1053004-1053005-1053006-1053007-1053008-1053009-1053010-1053011-1053012-1053013-1053014-1053015-1053016-1053017-1053018-1053019-1053020-1053021-1053022		
110503122	琴里-技能2-普怪伤	技能2对普通怪物伤害+8%	10501054	icon/angleskill/10119_angleskillA.png	ui/fairy_angle/027.png	110501	100522	3	12	2	10502054	10503054			1				1	1	1053023-1053024-1053025-1053026-1053027-1053028-1053029-1053030-1053031-1053032-1053033-1053034-1053035-1053036-1053037-1053038-1053039-1053040-1053041-1053042-1053043-1053044		
110503123	琴里-技能2-普怪伤	技能2对普通怪物伤害+12%	10501055	icon/angleskill/10119_angleskillA.png	ui/fairy_angle/027.png	110501	100522	3	12	3	10502055	10503055			1				1	1	1053045-1053046-1053047-1053048-1053049-1053050-1053051-1053052-1053053-1053054-1053055-1053056-1053057-1053058-1053059-1053060-1053061-1053062-1053063-1053064-1053065-1053066		
110503021	琴里-技能2-1级	普通状态：\n挑飞敌人后,会使用斧头连续横斩前方2次\n觉醒状态：\n牵引特效变大。牵引力提升	10501056	icon/angleskill/10120_angleskillA.png	ui/fairy_angle/027.png	110501	100522	3	2	1	10502056	10503056			1	[[110503073]]	[110503031,110503032,110503033,110503034]		1	1	1053801-1053802		
110503071	琴里-技能2-消耗	技能2怒气值消耗-1	10501057	icon/angleskill/10121_angleskillA.png	ui/fairy_angle/027.png	110501	100522	3	7	1	10502057	10503057			1			1	1	1	1053067-1053068		
110503072	琴里-技能2-消耗	技能2怒气值消耗-2	10501058	icon/angleskill/10121_angleskillA.png	ui/fairy_angle/027.png	110501	100522	3	7	2	10502058	10503058			1			1	1	1	1053069-1053070		
110503073	琴里-技能2-消耗	技能2怒气值消耗-3	10501059	icon/angleskill/10121_angleskillA.png	ui/fairy_angle/027.png	110501	100522	3	7	3	10502059	10503059			1		[110503021]	1	1	1	1053071-1053072		
110503031	琴里-技能2-命中恢复	技能2每次命中目标都将10%几率恢复5%点生命值	10501060	icon/angleskill/10122_angleskillA.png	ui/fairy_angle/027.png	110501	100522	3	3	1	10502060	10503060			1	[[110503021]]			1	1		10630511	
110503032	琴里-技能2-命中恢复	技能2每次命中目标都将20%几率恢复5%点生命值	10501061	icon/angleskill/10122_angleskillA.png	ui/fairy_angle/027.png	110501	100522	3	3	2	10502061	10503061			1	[[110503021]]			1	1		10630512	
110503033	琴里-技能2-命中恢复	技能2每次命中目标都将30%几率恢复5%点生命值	10501062	icon/angleskill/10122_angleskillA.png	ui/fairy_angle/027.png	110501	100522	3	3	3	10502062	10503062			1	[[110503021]]			1	1		10630513	
110503034	琴里-技能2-命中恢复	技能2每次命中目标都将40%几率恢复5%点生命值	10501063	icon/angleskill/10122_angleskillA.png	ui/fairy_angle/027.png	110501	100522	3	3	4	10502063	10503063			1	[[110503021]]	[110503091,110503092,110503093,110503094]		1	1		10630514	
110503131	琴里-技能2-2级	普通状态：\n然后轻微跃起,接向下重劈\n觉醒状态：\n不再需要蓄力,可直接发射。并且火球的飞行速度加快	10501064	icon/angleskill/20001_angleskillA.png	ui/fairy_angle/027.png	110501	100522	3	13	1	10502064	10503064			1	[[110503094]]	[110503171,110503172,110503173,110503174]		1	1	1053803-1053804		
110503181	琴里-技能2-多怪伤	战场中每存在一个敌人,技能2的伤害则+1%,最多+10%	10501065	icon/angleskill/20002_angleskillA.png	ui/fairy_angle/027.png	110501	100522	3	18	1	10502065	10503065			1	[[110503174]]			1	1		10630811	
110503182	琴里-技能2-多怪伤	战场中每存在一个敌人,技能2的伤害则+2%,最多+20%	10501066	icon/angleskill/20002_angleskillA.png	ui/fairy_angle/027.png	110501	100522	3	18	2	10502066	10503066			1	[[110503174]]			1	1		10630812	
110503183	琴里-技能2-多怪伤	战场中每存在一个敌人,技能2的伤害则+3%,最多+30%	10501067	icon/angleskill/20002_angleskillA.png	ui/fairy_angle/027.png	110501	100522	3	18	3	10502067	10503067			1	[[110503174]]	[110503341]		1	1		10630813	
110503171	琴里-技能2-技能伤	技能2伤害+5%	10501068	icon/angleskill/30001_angleskillA.png	ui/fairy_angle/027.png	110501	100522	3	17	1	10502068	10503068			1	[[110503131]]			1	1	1053073-1053074-1053075-1053076-1053077-1053078-1053079-1053080-1053081-1053082-1053083-1053084-1053085-1053086-1053087-1053088-1053089-1053090-1053091-1053092-1053093-1053094		
110503172	琴里-技能2-技能伤	技能2伤害+10%	10501069	icon/angleskill/30001_angleskillA.png	ui/fairy_angle/027.png	110501	100522	3	17	2	10502069	10503069			1	[[110503131]]			1	1	1053095-1053096-1053097-1053098-1053099-1053100-1053101-1053102-1053103-1053104-1053105-1053106-1053107-1053108-1053109-1053110-1053111-1053112-1053113-1053114-1053115-1053116		
110503173	琴里-技能2-技能伤	技能2伤害+15%	10501070	icon/angleskill/30001_angleskillA.png	ui/fairy_angle/027.png	110501	100522	3	17	3	10502070	10503070			1	[[110503131]]			1	1	1053117-1053118-1053119-1053120-1053121-1053122-1053123-1053124-1053125-1053126-1053127-1053128-1053129-1053130-1053131-1053132-1053133-1053134-1053135-1053136-1053137-1053138		
110503174	琴里-技能2-技能伤	技能2伤害+20%	10501071	icon/angleskill/30001_angleskillA.png	ui/fairy_angle/027.png	110501	100522	3	17	4	10502071	10503071			1	[[110503131]]	[110503181,110503182,110503183]		1	1	1053139-1053140-1053141-1053142-1053143-1053144-1053145-1053146-1053147-1053148-1053149-1053150-1053151-1053152-1053153-1053154-1053155-1053156-1053157-1053158-1053159-1053160		
110503341	琴里-技能2-3级	普通状态：\n特效升级,攻击范围扩大\n觉醒状态：\n爆炸会产生2次	10501072	icon/angleskill/30002_angleskillA.png	ui/fairy_angle/027.png	110501	100522	3	34	1	10502072	10503072			1	[[110503183]]			1	1	1053805-1053806		
110503091	琴里-技能2-命中减防	被技能2命中的敌人防御-5%,持续6秒	10501073	icon/angleskill/30003_angleskillA.png	ui/fairy_angle/027.png	110501	100522	3	9	1	10502073	10503073			1	[[110503034]]			1	1		10630911	
110503092	琴里-技能2-命中减防	被技能2命中的敌人防御-8%,持续6秒	10501074	icon/angleskill/30003_angleskillA.png	ui/fairy_angle/027.png	110501	100522	3	9	2	10502074	10503074			1	[[110503034]]			1	1		10630912	
110503093	琴里-技能2-命中减防	被技能2命中的敌人防御-12%,持续6秒	10501075	icon/angleskill/30003_angleskillA.png	ui/fairy_angle/027.png	110501	100522	3	9	3	10502075	10503075			1	[[110503034]]			1	1		10630913	
110503094	琴里-技能2-命中减防	被技能2命中的敌人防御-15%,持续6秒	10501076	icon/angleskill/30003_angleskillA.png	ui/fairy_angle/027.png	110501	100522	3	9	4	10502076	10503076			1	[[110503034]]	[110503131]		1	1		10630914	
110504021	琴里-必杀-普怪伤	必杀对普通怪物伤害+4%	10501077	icon/angleskill/30004_angleskillA.png	ui/fairy_angle/025.png	110501	100520	4	2	1	10502077	10503077			1				1	1	1054001-1054002-1054003-1054004-1054005-1054006-1054007-1054008-1054009-1054010-1054011-1054012-1054013-1054014-1054015		
110504022	琴里-必杀-普怪伤	必杀对普通怪物伤害+8%	10501078	icon/angleskill/30004_angleskillA.png	ui/fairy_angle/025.png	110501	100520	4	2	2	10502078	10503078			1				1	1	1054016-1054017-1054018-1054019-1054020-1054021-1054022-1054023-1054024-1054025-1054026-1054027-1054028-1054029-1054030		
110504023	琴里-必杀-普怪伤	必杀对普通怪物伤害+12%	10501079	icon/angleskill/30004_angleskillA.png	ui/fairy_angle/025.png	110501	100520	4	2	3	10502079	10503079			1				1	1	1054031-1054032-1054033-1054034-1054035-1054036-1054037-1054038-1054039-1054040-1054041-1054042-1054043-1054044-1054045		
110504191	琴里-必杀-1级	普通状态：\n最后连续重劈3次\n觉醒状态：\n爆炸会在地面上留下持续火焰伤害	10501080	icon/angleskill/30005_angleskillA.png	ui/fairy_angle/025.png	110501	100520	4	19	1	10502080	10503080			1	[[110504103]]	[110504181,110504182,110504183,110504184]		1	1	1054801-1054802		
110504101	琴里-必杀-消耗	必杀怒气值消耗-1	10501081	icon/angleskill/30006_angleskillA.png	ui/fairy_angle/025.png	110501	100520	4	10	1	10502081	10503081			1			1	1	1	1054046-1054047		
110504102	琴里-必杀-消耗	必杀怒气值消耗-2	10501082	icon/angleskill/30006_angleskillA.png	ui/fairy_angle/025.png	110501	100520	4	10	2	10502082	10503082			1			1	1	1	1054048-1054049		
110504103	琴里-必杀-消耗	必杀怒气值消耗-3	10501083	icon/angleskill/30006_angleskillA.png	ui/fairy_angle/025.png	110501	100520	4	10	3	10502083	10503083			1		[110504191]	1	1	1	1054050-1054051		
110504081	琴里-必杀-穿透率	必杀穿透率+3%	10501084	icon/angleskill/40001_angleskillA.png	ui/fairy_angle/025.png	110501	100520	4	8	1	10502084	10503084			1	[[110504073]]			1	1	1054052-1054053-1054054-1054055-1054056-1054057-1054058-1054059-1054060-1054061-1054062-1054063-1054064-1054065-1054066		
110504082	琴里-必杀-穿透率	必杀穿透率+5%	10501085	icon/angleskill/40001_angleskillA.png	ui/fairy_angle/025.png	110501	100520	4	8	2	10502085	10503085			1	[[110504073]]			1	1	1054067-1054068-1054069-1054070-1054071-1054072-1054073-1054074-1054075-1054076-1054077-1054078-1054079-1054080-1054081		
110504083	琴里-必杀-穿透率	必杀穿透率+7%	10501086	icon/angleskill/40001_angleskillA.png	ui/fairy_angle/025.png	110501	100520	4	8	3	10502086	10503086			1	[[110504073]]			1	1	1054082-1054083-1054084-1054085-1054086-1054087-1054088-1054089-1054090-1054091-1054092-1054093-1054094-1054095-1054096		
110504084	琴里-必杀-穿透率	必杀穿透率+10%	10501087	icon/angleskill/40001_angleskillA.png	ui/fairy_angle/025.png	110501	100520	4	8	4	10502087	10503087			1	[[110504073]]	[110504341]		1	1	1054097-1054098-1054099-1054100-1054101-1054102-1054103-1054104-1054105-1054106-1054107-1054108-1054109-1054110-1054111		
110504031	琴里-必杀-2级	普通状态：\n最后连续重劈5次\n觉醒状态：\n爆炸范围扩大,地面持续火焰也扩大	10501088	icon/angleskill/40002_angleskillA.png	ui/fairy_angle/025.png	110501	100520	4	3	1	10502088	10503088			1	[[110504124]]	[110504071,110504072,110504073]		1	1	1054803-1054804		
110504071	琴里-必杀-暴击率	必杀暴击率+2%	10501089	icon/angleskill/40003_angleskillA.png	ui/fairy_angle/025.png	110501	100520	4	7	1	10502089	10503089			1	[[110504031]]			1	1	1054112-1054113-1054114-1054115-1054116-1054117-1054118-1054119-1054120-1054121-1054122-1054123-1054124-1054125-1054126		
110504072	琴里-必杀-暴击率	必杀暴击率+4%	10501090	icon/angleskill/40003_angleskillA.png	ui/fairy_angle/025.png	110501	100520	4	7	2	10502090	10503090			1	[[110504031]]			1	1	1054127-1054128-1054129-1054130-1054131-1054132-1054133-1054134-1054135-1054136-1054137-1054138-1054139-1054140-1054141		
110504073	琴里-必杀-暴击率	必杀暴击率+6%	10501091	icon/angleskill/40003_angleskillA.png	ui/fairy_angle/025.png	110501	100520	4	7	3	10502091	10503091			1	[[110504031]]	[110504081,110504082,110504083,110504084]		1	1	1054142-1054143-1054144-1054145-1054146-1054147-1054148-1054149-1054150-1054151-1054152-1054153-1054154-1054155-1054156		
110504341	琴里-必杀-3级	普通状态：\n最后一次重劈时,还会有向前推进的火柱从地上冒出,3个火柱\n觉醒状态：\n会连续发射2个火球	10501092	icon/angleskill/50001_angleskillA.png	ui/fairy_angle/025.png	110501	100520	4	34	1	10502092	10503092			1	[[110504084]]			1	1	1054805-1054806		
110504121	琴里-必杀-技能伤害	必杀伤害+5%	10501093	icon/angleskill/50002_angleskillA.png	ui/fairy_angle/025.png	110501	100520	4	12	1	10502093	10503093			1	[[110504184]]			1	1	1054157-1054158-1054159-1054160-1054161-1054162-1054163-1054164-1054165-1054166-1054167-1054168-1054169-1054170-1054171		
110504122	琴里-必杀-技能伤害	必杀伤害+10%	10501094	icon/angleskill/50002_angleskillA.png	ui/fairy_angle/025.png	110501	100520	4	12	2	10502094	10503094			1	[[110504184]]			1	1	1054172-1054173-1054174-1054175-1054176-1054177-1054178-1054179-1054180-1054181-1054182-1054183-1054184-1054185-1054186		
110504123	琴里-必杀-技能伤害	必杀伤害+15%	10501095	icon/angleskill/50002_angleskillA.png	ui/fairy_angle/025.png	110501	100520	4	12	3	10502095	10503095			1	[[110504184]]			1	1	1054187-1054188-1054189-1054190-1054191-1054192-1054193-1054194-1054195-1054196-1054197-1054198-1054199-1054200-1054201		
110504124	琴里-必杀-技能伤害	必杀伤害+20%	10501096	icon/angleskill/50002_angleskillA.png	ui/fairy_angle/025.png	110501	100520	4	12	4	10502096	10503096			1	[[110504184]]	[110504031]		1	1	1054202-1054203-1054204-1054205-1054206-1054207-1054208-1054209-1054210-1054211-1054212-1054213-1054214-1054215-1054216		
110504181	琴里-必杀-无视防御	必杀无视目标10%的防御	10501097	icon/angleskill/50003_angleskillA.png	ui/fairy_angle/025.png	110501	100520	4	18	1	10502097	10503097			1	[[110504191]]			1	1			
110504182	琴里-必杀-无视防御	必杀无视目标15%的防御	10501098	icon/angleskill/50003_angleskillA.png	ui/fairy_angle/025.png	110501	100520	4	18	2	10502098	10503098			1	[[110504191]]			1	1			
110504183	琴里-必杀-无视防御	必杀无视目标20%的防御	10501099	icon/angleskill/50003_angleskillA.png	ui/fairy_angle/025.png	110501	100520	4	18	3	10502099	10503099			1	[[110504191]]			1	1			
110504184	琴里-必杀-无视防御	必杀无视目标25%的防御	10501100	icon/angleskill/50003_angleskillA.png	ui/fairy_angle/025.png	110501	100520	4	18	4	10502100	10503100			1	[[110504191]]	[110504121,110504122,110504123,110504124]		1	1			
110510011	琴里-被动1	每次普攻命中敌人时,提升自身防御30%,不可叠加。持续3秒	10501101	icon/angleskill/50002_angleskillA.png		110501		10	1	1	10502101	10503101							1			10670111	
110510021	琴里-被动2	普通状态下命中目标造成的僵直时间提高50%	10501102	icon/angleskill/50003_angleskillA.png		110501		10	2	1	10502102	10503102							2		1055001-1055002-1055003-1055004-1055005-1055006-1055007-1055008-1055009-1055010-1055011-1055012-1055013-1055014-1055015-1055016-1055017-1055018-1055019-1055020-1055021-1055022-1055023-1055024-1055025-1055026-1055027-1055028-1055029-1055030-1055031-1055032		
110510031	琴里-被动3	普通状态下,使用技能每消耗1点怒气,恢复0.5%的生命值	10501103	icon/angleskill/50004_angleskillA.png		110501		10	3	1	10502103	10503103							3			10670311-10670321-10670341-10670351	
110510041	琴里-被动4	普通状态的所有攻击,点燃几率额外提高15%。	10501104	icon/angleskill/50005_angleskillA.png		110501		10	4	1	10502104	10503104							4			10670411-10670421-10670431-10670441	
110510051	琴里-被动5	点燃的持续伤害提升50%	10501105	icon/angleskill/60001_angleskillA.png		110501		10	5	1	10502105	10503105							5			10670511	
110510061	琴里-被动6	对点燃层数满的目标,再次叠加点燃时,会额外产生爆炸并造成50%的伤害。	10501106	icon/angleskill/60002_angleskillA.png		110501		10	6	1	10502106	10503106							6			10670611	
110510071	琴里-被动7	觉醒状态每持续5秒,攻击力+3%,最多颗叠加10层	10501107	icon/angleskill/60003_angleskillA.png		110501		10	7	1	10502107	10503107							7			10670711	
110510081	琴里-被动8	觉醒状态普攻命中恢复1点怒气,暴击额外恢复2点怒气	10501108	icon/angleskill/60004_angleskillA.png		110501		10	8	1	10502108	10503108							8			10670811-10670821	
110510091	琴里-被动9	觉醒状态时,当前怒气、怒气上限提升30点	10501109	icon/angleskill/60005_angleskillA.png		110501		10	9	1	10502109	10503109							9			10670911	
110510101	琴里-被动10	觉醒状态下,每次使用技能,技能伤害都会提高10%,持续3秒,最多可叠加4层	10501110	icon/angleskill/70001_angleskillA.png		110501		10	10	1	10502110	10503110							10			10671011-10671021-10671031-10671041	
110510111	琴里-被动11	所有觉醒状态技能增加5点消耗,伤害提高20%	10501111	icon/angleskill/70002_angleskillA.png		110501		10	11	1	10502111	10503111							11		1055033-1055034-1055035-1055036-1055037-1055038-1055039-1055040-1055041-1055042-1055043-1055044-1055045-1055046-1055047-1055048-1055049-1055050-1055051-1055052-1055053-1055054-1055055-1055056-1055057-1055058-1055059-1055060-1055061-1055062-1055063-1055064		
110510121	琴里-被动12	觉醒状态下,技能暴击时会产生一次30%的额外伤害	10501112	icon/angleskill/70003_angleskillA.png		110501		10	12	1	10502112	10503112							12			10671211-10671221-10671231-10671241	
110510131	琴里-被动13	当前每拥有1点怒气值,都会使伤害额外提升0.3%	10501113	icon/angleskill/70004_angleskillA.png		110501		10	13	1	10502113	10503113							13			10671311	
110510141	琴里-被动14	死亡后会立即复活且恢复20%的最大生命值,并在接下来的10秒内每2秒恢复3%的最大生命值。冷却时间60秒	10501114	icon/angleskill/70005_angleskillA.png		110501		10	14	1	10502114	10503114							14			10671411	
110510151	琴里-被动15	生命值提升20%,生命恢复效果提高20%	10501115	icon/angleskill/70006_angleskillA.png		110501		10	15	1	10502115	10503115							15			10671511	
110510161	琴里-被动16	怒气不再自动衰减,相反每3秒恢复5点怒气。	10501116	icon/angleskill/80001_angleskillA.png		110501		10	16	1	10502116	10503116							16			10671611	
110606011	真那觉醒-1级	真那觉醒-1级	10601001	icon/angleskill/10101_angleskillA.png		110601	100630	6	1	1	10602001	10603001			1				1	1			
110606012	真那觉醒-2级	真那觉醒-2级	10601002	icon/angleskill/10101_angleskillA.png		110601	100630	6	1	2	10602002	10603002			1				1	1			
110606013	真那觉醒-3级	真那觉醒-3级	10601003	icon/angleskill/10101_angleskillA.png		110601	100630	6	1	3	10602003	10603003			1				1	1			
110606014	真那觉醒-4级	真那觉醒-4级	10601004	icon/angleskill/10101_angleskillA.png		110601	100630	6	1	4	10602004	10603004			1				1	1			
110601041	真那普攻-附电	普攻命中有10%的几率使目标附电	10601005	icon/angleskill/10101_angleskillA.png	ui/fairy_angle/024.png	110601	100610	1	4	1	10602005	10603005			1	[[110601034]]			1	1			
110601042	真那普攻-附电	普攻命中有15%的几率使目标附电	10601006	icon/angleskill/10101_angleskillA.png	ui/fairy_angle/024.png	110601	100610	1	4	2	10602006	10603006			1	[[110601034]]			1	1			
110601043	真那普攻-附电	普攻命中有20%的几率使目标附电	10601007	icon/angleskill/10101_angleskillA.png	ui/fairy_angle/024.png	110601	100610	1	4	3	10602007	10603007			1	[[110601034]]	[110601141]		1	1			
110601021	真那普攻-真那4段	普攻可以释放4段攻击	10601008	icon/angleskill/10102_angleskillA.png	ui/fairy_angle/024.png	110601	100610	1	2	1	10602008	10603008			1	[[110601013]]	[110601031,110601032,110601033,110601034]		1	1	1061801		video/zn_1_1.mp4
110601071	真那普攻-精灵伤	普攻对精灵伤害+5%	10601009	icon/angleskill/10103_angleskillA.png	ui/fairy_angle/024.png	110601	100610	1	7	1	10602009	10603009			1				1	1	1061001-1061002-1061003-1061004-1061005-1061006-1061007-1061008		
110601072	真那普攻-精灵伤	普攻对精灵伤害+10%	10601010	icon/angleskill/10103_angleskillA.png	ui/fairy_angle/024.png	110601	100610	1	7	2	10602010	10603010			1				1	1	1061009-1061010-1061011-1061012-1061013-1061014-1061015-1061016		
110601073	真那普攻-精灵伤	普攻对精灵伤害+15%	10601011	icon/angleskill/10103_angleskillA.png	ui/fairy_angle/024.png	110601	100610	1	7	3	10602011	10603011			1				1	1	1061017-1061018-1061019-1061020-1061021-1061022-1061023-1061024		
110601031	真那普攻-攻速	普攻攻速+3%	10601012	icon/angleskill/10104_angleskillA.png	ui/fairy_angle/024.png	110601	100610	1	3	1	10602012	10603012			1	[[110601021]]			1	1	1061025-1061026-1061027-1061028-1061029		
110601032	真那普攻-攻速	普攻攻速+6%	10601013	icon/angleskill/10104_angleskillA.png	ui/fairy_angle/024.png	110601	100610	1	3	2	10602013	10603013			1	[[110601021]]			1	1	1061060-1061061-1061062-1061063-1061064		
110601033	真那普攻-攻速	普攻攻速+9%	10601014	icon/angleskill/10104_angleskillA.png	ui/fairy_angle/024.png	110601	100610	1	3	3	10602014	10603014			1	[[110601021]]			1	1	1061065-1061066-1061067-1061068-1061069		
110601034	真那普攻-攻速	普攻攻速+12%	10601015	icon/angleskill/10104_angleskillA.png	ui/fairy_angle/024.png	110601	100610	1	3	4	10602015	10603015			1	[[110601021]]	[110601041,110601042,110601043]		1	1	1061040-1061041-1061042-1061043-1061044		
110601141	真那普攻-真那5段	普攻可以释放5段攻击	10601016	icon/angleskill/10105_angleskillA.png	ui/fairy_angle/024.png	110601	100610	1	14	1	10602016	10603016			1	[[110601043]]	[110601051,110601052,110601053,110601054]		1	1	1061802		video/zn_1_2.mp4
110601051	真那普攻-普攻伤害	普攻伤害+5%	10601017	icon/angleskill/10106_angleskillA.png	ui/fairy_angle/024.png	110601	100610	1	5	1	10602017	10603017			1	[[110601141]]			1	1	1061045-1061046-1061047-1061048-1061049-1061050-1061051-1061052		
110601052	真那普攻-普攻伤害	普攻伤害+10%	10601018	icon/angleskill/10106_angleskillA.png	ui/fairy_angle/024.png	110601	100610	1	5	2	10602018	10603018			1	[[110601141]]			1	1	1061053-1061054-1061055-1061056-1061057-1061058-1061059-1061060		
110601053	真那普攻-普攻伤害	普攻伤害+15%	10601019	icon/angleskill/10106_angleskillA.png	ui/fairy_angle/024.png	110601	100610	1	5	3	10602019	10603019			1	[[110601141]]			1	1	1061061-1061062-1061063-1061064-1061065-1061066-1061067-1061068		
110601054	真那普攻-普攻伤害	普攻伤害+20%	10601020	icon/angleskill/10106_angleskillA.png	ui/fairy_angle/024.png	110601	100610	1	5	4	10602020	10603020			1	[[110601141]]	[110601131]		1	1	1061069-1061070-1061071-1061072-1061073-1061074-1061075-1061076		
110601011	真那普攻-精英伤	普攻对精英怪物伤害+4%	10601021	icon/angleskill/10107_angleskillA.png	ui/fairy_angle/024.png	110601	100610	1	1	1	10602021	10603021			1			1	1	1	1061077-1061078-1061079-1061080-1061081-1061082-1061083-1061084		
110601012	真那普攻-精英伤	普攻对精英怪物伤害+8%	10601022	icon/angleskill/10107_angleskillA.png	ui/fairy_angle/024.png	110601	100610	1	1	2	10602022	10603022			1			1	1	1	1061085-1061086-1061087-1061088-1061089-1061090-1061091-1061092		
110601013	真那普攻-精英伤	普攻对精英怪物伤害+12%	10601023	icon/angleskill/10107_angleskillA.png	ui/fairy_angle/024.png	110601	100610	1	1	3	10602023	10603023			1		[110601021]	1	1	1	1061093-1061094-1061095-1061096-1061097-1061098-1061099-1061100		
110601131	真那普攻-残影召唤	普攻每次命中目标都有20%的几率召唤召唤出残影,残影爆炸对目标造成120%的伤害	10601024	icon/angleskill/10108_angleskillA.png	ui/fairy_angle/024.png	110601	100610	1	13	1	10602024	10603024			1	[[110601054]]	[110601061,110601062,110601063,110601064]		1	1	1061803-1061804-1061805-1061806-1061807		
110601061	真那普攻-穿透率	普攻穿透率+3%	10601025	icon/angleskill/10109_angleskillA.png	ui/fairy_angle/024.png	110601	100610	1	6	1	10602025	10603025			1	[[110601131]]			1	1	1061101-1061102-1061103-1061104-1061105-1061106-1061107-1061108		
110601062	真那普攻-穿透率	普攻穿透率+5%	10601026	icon/angleskill/10109_angleskillA.png	ui/fairy_angle/024.png	110601	100610	1	6	2	10602026	10603026			1	[[110601131]]			1	1	1061109-1061110-1061111-1061112-1061113-1061114-1061115-1061116		
110601063	真那普攻-穿透率	普攻穿透率+7%	10601027	icon/angleskill/10109_angleskillA.png	ui/fairy_angle/024.png	110601	100610	1	6	3	10602027	10603027			1	[[110601131]]			1	1	1061117-1061118-1061119-1061120-1061121-1061122-1061123-1061124		
110601064	真那普攻-穿透率	普攻穿透率+10%	10601028	icon/angleskill/10109_angleskillA.png	ui/fairy_angle/024.png	110601	100610	1	6	4	10602028	10603028			1	[[110601131]]			1	1	1061125-1061126-1061127-1061128-1061129-1061130-1061131-1061132		
110602151	真那技能1-伤害免疫	技能1使用后伤害减免+10%,持续5秒	10601029	icon/angleskill/10110_angleskillA.png	ui/fairy_angle/026.png	110601	100620	2	15	1	10602029	10603029			1	[[110602161]]			1	1			
110602152	真那技能1-伤害免疫	技能1使用后伤害减免+15%,持续5秒	10601030	icon/angleskill/10110_angleskillA.png	ui/fairy_angle/026.png	110601	100620	2	15	2	10602030	10603030			1	[[110602161]]			1	1			
110602153	真那技能1-伤害免疫	技能1使用后伤害减免+20%,持续5秒	10601031	icon/angleskill/10110_angleskillA.png	ui/fairy_angle/026.png	110601	100620	2	15	3	10602031	10603031			1	[[110602161]]	[110602091,110602092,110602093]		1	1			
110602161	真那技能1-1级	把敌人挑起,然后连续追击4次,快速蓄力向前斩击出一道月牙光刃。	10601032	icon/angleskill/10111_angleskillA.png	ui/fairy_angle/026.png	110601	100620	2	16	1	10602032	10603032			1	[[110602073]]	[110602151,110602152,110602153]		1	1	1062801		video/zn_2_1.mp4
110602091	真那技能1-CDR	技能1冷却时间-0.5秒	10601033	icon/angleskill/10112_angleskillA.png	ui/fairy_angle/026.png	110601	100620	2	9	1	10602033	10603033			1	[[110602153]]			1	1	1062001		
110602092	真那技能1-CDR	技能1冷却时间-1秒	10601034	icon/angleskill/10112_angleskillA.png	ui/fairy_angle/026.png	110601	100620	2	9	2	10602034	10603034			1	[[110602153]]			1	1	1062002		
110602093	真那技能1-CDR	技能1冷却时间-1.5秒	10601035	icon/angleskill/10112_angleskillA.png	ui/fairy_angle/026.png	110601	100620	2	9	3	10602035	10603035			1	[[110602153]]	[110602051]		1	1	1062003		
110602061	真那技能1-技能暴击效果	技能1暴击伤害+10%	10601036	icon/angleskill/10113_angleskillA.png	ui/fairy_angle/026.png	110601	100620	2	6	1	10602036	10603036			1	[[110602051]]			1	1	1062004-1062005-1062006-1062007-1062008-1062009-1062010-1062011-1062012-1062013-1062014-1062015-1062016-1062017-1062018-1062019-1062020-1062021-1062022-1062023-1062024-1062025-1062026-1062027-1062028		
110602062	真那技能1-技能暴击效果	技能1暴击伤害+15%	10601037	icon/angleskill/10113_angleskillA.png	ui/fairy_angle/026.png	110601	100620	2	6	2	10602037	10603037			1	[[110602051]]			1	1	1062029-1062030-1062031-1062032-1062033-1062034-1062035-1062036-1062037-1062038-1062039-1062040-1062041-1062042-1062043-1062044-1062045-1062046-1062047-1062048-1062049-1062050-1062051-1062052-1062053		
110602063	真那技能1-技能暴击效果	技能1暴击伤害+20%	10601038	icon/angleskill/10113_angleskillA.png	ui/fairy_angle/026.png	110601	100620	2	6	3	10602038	10603038			1	[[110602051]]			1	1	1062054-1062055-1062056-1062057-1062058-1062059-1062060-1062061-1062062-1062063-1062064-1062065-1062066-1062067-1062068-1062069-1062070-1062071-1062072-1062073-1062074-1062075-1062076-1062077-1062078		
110602064	真那技能1-技能暴击效果	技能1暴击伤害+25%	10601039	icon/angleskill/10113_angleskillA.png	ui/fairy_angle/026.png	110601	100620	2	6	4	10602039	10603039			1	[[110602051]]	[110602021,110602022,110602023,110602024]		1	1	1062079-1062080-1062081-1062082-1062083-1062084-1062085-1062086-1062087-1062088-1062089-1062090-1062091-1062092-1062093-1062094-1062095-1062096-1062097-1062098-1062099-1062100-1062101-1062102-1062103		
110602051	真那技能1-2级	把敌人挑起,然后连续追击4次最后再快速的向前斩击出2道向前快速飞行的月牙光刃	10601040	icon/angleskill/10114_angleskillA.png	ui/fairy_angle/026.png	110601	100620	2	5	1	10602040	10603040			1	[[110602093]]	[110602061,110602062,110602063,110602064]		1	1	1062802		video/zn_2_2.mp4
110602031	真那技能1-护盾额外伤	技能1命中含有护盾的目标时,将会对该目标造成10%的额外伤害	10601041	icon/angleskill/10115_angleskillA.png	ui/fairy_angle/026.png	110601	100620	2	3	1	10602041	10603041			1				1	1			
110602032	真那技能1-护盾额外伤	技能1命中含有护盾的目标时,将会对该目标造成15%的额外伤害	10601042	icon/angleskill/10115_angleskillA.png	ui/fairy_angle/026.png	110601	100620	2	3	2	10602042	10603042			1				1	1			
110602033	真那技能1-护盾额外伤	技能1命中含有护盾的目标时,将会对该目标造成20%的额外伤害	10601043	icon/angleskill/10115_angleskillA.png	ui/fairy_angle/026.png	110601	100620	2	3	3	10602043	10603043			1				1	1			
110602034	真那技能1-护盾额外伤	技能1命中含有护盾的目标时,将会对该目标造成25%的额外伤害	10601044	icon/angleskill/10115_angleskillA.png	ui/fairy_angle/026.png	110601	100620	2	3	4	10602044	10603044			1				1	1			
110602071	真那技能1-技能精英伤	技能1对精英怪物伤害+4%	10601045	icon/angleskill/10116_angleskillA.png	ui/fairy_angle/026.png	110601	100620	2	7	1	10602045	10603045			1			1	1	1	1062104-1062105-1062106-1062107-1062108-1062109-1062110-1062111-1062112-1062113-1062114-1062115-1062116-1062117-1062118-1062119-1062120-1062121-1062122-1062123-1062124-1062125-1062126-1062127-1062128		
110602072	真那技能1-技能精英伤	技能1对精英怪物伤害+8%	10601046	icon/angleskill/10116_angleskillA.png	ui/fairy_angle/026.png	110601	100620	2	7	2	10602046	10603046			1			1	1	1	1062129-1062130-1062131-1062132-1062133-1062134-1062135-1062136-1062137-1062138-1062139-1062140-1062141-1062142-1062143-1062144-1062145-1062146-1062147-1062148-1062149-1062150-1062151-1062152-1062153		
110602073	真那技能1-技能精英伤	技能1对精英怪物伤害+12%	10601047	icon/angleskill/10116_angleskillA.png	ui/fairy_angle/026.png	110601	100620	2	7	3	10602047	10603047			1		[110602161]	1	1	1	1062154-1062155-1062156-1062157-1062158-1062159-1062160-1062161-1062162-1062163-1062164-1062165-1062166-1062167-1062168-1062169-1062170-1062171-1062172-1062173-1062174-1062175-1062176-1062177-1062178		
110602401	真那技能1-3级	技能1攻击范围+20%	10601048	icon/angleskill/10117_angleskillA.png	ui/fairy_angle/026.png	110601	100620	2	40	1	10602048	10603048			1	[[110602024]]			1	1	1062803		video/zn_2_3.mp4
110602021	真那技能1-命中和暴击率	技能1命中率+5%,暴击率+2%	10601049	icon/angleskill/10118_angleskillA.png	ui/fairy_angle/026.png	110601	100620	2	2	1	10602049	10603049			1	[[110602064]]			1	1	1062179-1062180-1062181-1062182-1062183-1062184-1062185-1062186-1062187-1062188-1062189-1062190-1062191-1062192-1062193-1062194-1062195-1062196-1062197-1062198-1062199-1062200-1062201-1062202-1062203-1062204-1062205-1062206-1062207-1062208-1062209-1062210-1062211-1062212-1062213-1062214-1062215-1062216-1062217-1062218-1062219-1062220-1062221-1062222-1062223-1062224-1062225-1062226-1062227-1062228		
110602022	真那技能1-命中和暴击率	技能1命中率+10%,暴击率+3%	10601050	icon/angleskill/10118_angleskillA.png	ui/fairy_angle/026.png	110601	100620	2	2	2	10602050	10603050			1	[[110602064]]			1	1	1062229-1062230-1062231-1062232-1062233-1062234-1062235-1062236-1062237-1062238-1062239-1062240-1062241-1062242-1062243-1062244-1062245-1062246-1062247-1062248-1062249-1062250-1062251-1062252-1062253-1062254-1062255-1062256-1062257-1062258-1062259-1062260-1062261-1062262-1062263-1062264-1062265-1062266-1062267-1062268-1062269-1062270-1062271-1062272-1062273-1062274-1062275-1062276-1062277-1062278		
110602023	真那技能1-命中和暴击率	技能1命中率+15%,暴击率+4%	10601051	icon/angleskill/10118_angleskillA.png	ui/fairy_angle/026.png	110601	100620	2	2	3	10602051	10603051			1	[[110602064]]			1	1	1062279-1062280-1062281-1062282-1062283-1062284-1062285-1062286-1062287-1062288-1062289-1062290-1062291-1062292-1062293-1062294-1062295-1062296-1062297-1062298-1062299-1062300-1062301-1062302-1062303-1062304-1062305-1062306-1062307-1062308-1062309-1062310-1062311-1062312-1062313-1062314-1062315-1062316-1062317-1062318-1062319-1062320-1062321-1062322-1062323-1062324-1062325-1062326-1062327-1062328		
110602024	真那技能1-命中和暴击率	技能1命中率+20%,暴击率+5%	10601052	icon/angleskill/10118_angleskillA.png	ui/fairy_angle/026.png	110601	100620	2	2	4	10602052	10603052			1	[[110602064]]	[110602401]		1	1	1062329-1062330-1062331-1062332-1062333-1062334-1062335-1062336-1062337-1062338-1062339-1062340-1062341-1062342-1062343-1062344-1062345-1062346-1062347-1062348-1062349-1062350-1062351-1062352-1062353-1062354-1062355-1062356-1062357-1062358-1062359-1062360-1062361-1062362-1062363-1062364-1062365-1062366-1062367-1062368-1062369-1062370-1062371-1062372-1062373-1062374-1062375-1062376-1062377-1062378		
110603021	真那技能2-技能伤	技能2伤害+5%	10601053	icon/angleskill/10119_angleskillA.png	ui/fairy_angle/027.png	110601	100670	3	2	1	10602053	10603053			1	[[110603081]]			1	1	1063001-1063002-1063003-1063004-1063005-1063006-1063007-1063008-1063009-1063010		
110603022	真那技能2-技能伤	技能2伤害+10%	10601054	icon/angleskill/10119_angleskillA.png	ui/fairy_angle/027.png	110601	100670	3	2	2	10602054	10603054			1	[[110603081]]			1	1	1063011-1063012-1063013-1063014-1063015-1063016-1063017-1063018-1063019-1063020		
110603023	真那技能2-技能伤	技能2伤害+15%	10601055	icon/angleskill/10119_angleskillA.png	ui/fairy_angle/027.png	110601	100670	3	2	3	10602055	10603055			1	[[110603081]]			1	1	1063021-1063022-1063023-1063024-1063025-1063026-1063027-1063028-1063029-1063030		
110603024	真那技能2-技能伤	技能2伤害+20%	10601056	icon/angleskill/10119_angleskillA.png	ui/fairy_angle/027.png	110601	100670	3	2	4	10602056	10603056			1	[[110603081]]			1	1	1063031-1063032-1063033-1063034-1063035-1063036-1063037-1063038-1063039-1063040		
110603081	真那技能2-1级	来回穿刺2次	10601057	icon/angleskill/10120_angleskillA.png	ui/fairy_angle/027.png	110601	100670	3	8	1	10602057	10603057			1		[110603021,110603022,110603023,110603024,110603131,110603132,110603133,110603134,110603091,110603071,110603072,110603073,110603031,110603032,110603033,110603121,110603122,110603123]		1	1	1063801		video/zn_3_1.mp4
110603101	真那技能2-穿透率	技能2穿透率+3%	10601058	icon/angleskill/10121_angleskillA.png	ui/fairy_angle/027.png	110601	100670	3	10	1	10602058	10603058			1	[[110603091]]			1	1	1063041-1063042-1063043-1063044-1063045-1063046-1063047-1063048-1063049-1063050		
110603102	真那技能2-穿透率	技能2穿透率+5%	10601059	icon/angleskill/10121_angleskillA.png	ui/fairy_angle/027.png	110601	100670	3	10	2	10602059	10603059			1	[[110603091]]			1	1	1063051-1063052-1063053-1063054-1063055-1063056-1063057-1063058-1063059-1063060		
110603103	真那技能2-穿透率	技能2穿透率+7%	10601060	icon/angleskill/10121_angleskillA.png	ui/fairy_angle/027.png	110601	100670	3	10	3	10602060	10603060			1	[[110603091]]			1	1	1063061-1063062-1063063-1063064-1063065-1063066-1063067-1063068-1063069-1063070		
110603104	真那技能2-穿透率	技能2穿透率+10%	10601061	icon/angleskill/10121_angleskillA.png	ui/fairy_angle/027.png	110601	100670	3	10	4	10602061	10603061			1	[[110603091]]	[110603111]		1	1	1063071-1063072-1063073-1063074-1063075-1063076-1063077-1063078-1063079-1063080		
110603131	真那技能2-命中减防	技能2命中将减少目标10%的防御,持续6秒	10601062	icon/angleskill/10122_angleskillA.png	ui/fairy_angle/027.png	110601	100670	3	13	1	10602062	10603062			1	[[110603081]]			1	1	1063081-1063082-1063083-1063084-1063085-1063086-1063087-1063088-1063089-1063090		
110603132	真那技能2-命中减防	技能2命中将减少目标15%的防御,持续6秒	10601063	icon/angleskill/10122_angleskillA.png	ui/fairy_angle/027.png	110601	100670	3	13	2	10602063	10603063			1	[[110603081]]			1	1	1063091-1063092-1063093-1063094-1063095-1063096-1063097-1063098-1063099-1063100		
110603133	真那技能2-命中减防	技能2命中将减少目标20%的防御,持续6秒	10601064	icon/angleskill/10122_angleskillA.png	ui/fairy_angle/027.png	110601	100670	3	13	3	10602064	10603064			1	[[110603081]]			1	1	1063101-1063102-1063103-1063104-1063105-1063106-1063107-1063108-1063109-1063110		
110603134	真那技能2-命中减防	技能2命中将减少目标25%的防御,持续6秒	10601065	icon/angleskill/10122_angleskillA.png	ui/fairy_angle/027.png	110601	100670	3	13	4	10602065	10603065			1	[[110603081]]			1	1	1063111-1063112-1063113-1063114-1063115-1063116-1063117-1063118-1063119-1063120		
110603091	真那技能2-2级	穿刺完后,再使用双肩甲,向前方发射一次激光射线	10601066	icon/angleskill/20001_angleskillA.png	ui/fairy_angle/027.png	110601	100670	3	9	1	10602066	10603066			1	[[110603081]]	[110603101,110603102,110603103,110603104]		1	1	1063802		video/zn_3_2.mp4
110603071	真那技能2-精英伤	技能2对精英怪物伤害+4%	10601067	icon/angleskill/20002_angleskillA.png	ui/fairy_angle/027.png	110601	100670	3	7	1	10602067	10603067			1	[[110603081]]			1	1	1063121-1063122-1063123-1063124-1063125-1063126-1063127-1063128-1063129-1063130		
110603072	真那技能2-精英伤	技能2对精英怪物伤害+8%	10601068	icon/angleskill/20002_angleskillA.png	ui/fairy_angle/027.png	110601	100670	3	7	2	10602068	10603068			1	[[110603081]]			1	1	1063131-1063132-1063133-1063134-1063135-1063136-1063137-1063138-1063139-1063140		
110603073	真那技能2-精英伤	技能2对精英怪物伤害+12%	10601069	icon/angleskill/20002_angleskillA.png	ui/fairy_angle/027.png	110601	100670	3	7	3	10602069	10603069			1	[[110603081]]			1	1	1063141-1063142-1063143-1063144-1063145-1063146-1063147-1063148-1063149-1063150		
110603031	真那技能2-攻速	技能2攻速+10%	10601070	icon/angleskill/30001_angleskillA.png	ui/fairy_angle/027.png	110601	100670	3	3	1	10602070	10603070			1	[[110603081]]			1	1	1063151-1063152-1063153-1063154-1063155-1063156-1063157-1063158-1063159-1063160-1063161-1063162		
110603032	真那技能2-攻速	技能2攻速+20%	10601071	icon/angleskill/30001_angleskillA.png	ui/fairy_angle/027.png	110601	100670	3	3	2	10602071	10603071			1	[[110603081]]			1	1	1063163-1063164-1063165-1063166-1063167-1063168-1063169-1063170-1063171-1063172-1063173-1063174		
110603033	真那技能2-攻速	技能2攻速+30%	10601072	icon/angleskill/30001_angleskillA.png	ui/fairy_angle/027.png	110601	100670	3	3	3	10602072	10603072			1	[[110603081]]			1	1	1063175-1063176-1063177-1063178-1063179-1063180-1063181-1063182-1063183-1063184-1063185-1063186		
110603111	真那技能2-3级	激光射线会停滞并爆炸	10601073	icon/angleskill/30002_angleskillA.png	ui/fairy_angle/027.png	110601	100670	3	11	1	10602073	10603073			1	[[110603104]]			1	1	1063803		video/zn_3_3.mp4
110603121	真那技能2-CDR	技能2冷却时间-0.5秒	10601074	icon/angleskill/30003_angleskillA.png	ui/fairy_angle/027.png	110601	100670	3	12	1	10602074	10603074			1	[[110603081]]			1	1	1063199		
110603122	真那技能2-CDR	技能2冷却时间-1秒	10601075	icon/angleskill/30003_angleskillA.png	ui/fairy_angle/027.png	110601	100670	3	12	2	10602075	10603075			1	[[110603081]]			1	1	1063200		
110603123	真那技能2-CDR	技能2冷却时间-1.5秒	10601076	icon/angleskill/30003_angleskillA.png	ui/fairy_angle/027.png	110601	100670	3	12	3	10602076	10603076			1	[[110603081]]			1	1	1063201		
110604221	真那必杀-暴击伤害	必杀暴击伤害+10%	10601077	icon/angleskill/30004_angleskillA.png	ui/fairy_angle/025.png	110601	100680	4	22	1	10602077	10603077			1	[[110604234]]			1	1	1064001-1064002-1064003-1064004-1064005-1064006-1064007-1064008		
110604222	真那必杀-暴击伤害	必杀暴击伤害+15%	10601078	icon/angleskill/30004_angleskillA.png	ui/fairy_angle/025.png	110601	100680	4	22	2	10602078	10603078			1	[[110604234]]			1	1	1064009-1064010-1064011-1064012-1064013-1064014-1064015-1064016		
110604223	真那必杀-暴击伤害	必杀暴击伤害+20%	10601079	icon/angleskill/30004_angleskillA.png	ui/fairy_angle/025.png	110601	100680	4	22	3	10602079	10603079			1	[[110604234]]			1	1	1064017-1064018-1064019-1064020-1064021-1064022-1064023-1064024		
110604224	真那必杀-暴击伤害	必杀暴击伤害+25%	10601080	icon/angleskill/30004_angleskillA.png	ui/fairy_angle/025.png	110601	100680	4	22	4	10602080	10603080			1	[[110604234]]	[110604191]		1	1	1064025-1064026-1064027-1064028-1064029-1064030-1064031-1064032		
110604021	真那必杀-1级	在前方生成不规则的激光射线,激光射线进行不规则的穿刺	10601081	icon/angleskill/30005_angleskillA.png	ui/fairy_angle/025.png	110601	100680	4	2	1	10602081	10603081			1		[110604111,110604112,110604113,110604114]		1	1	1064801		video/zn_4_1.mp4
110604011	真那必杀-精英伤	必杀对精英怪物伤害+4%	10601082	icon/angleskill/30006_angleskillA.png	ui/fairy_angle/025.png	110601	100680	4	1	1	10602082	10603082			1				1	1	1064033-1064034-1064035-1064036-1064037-1064038-1064039-1064040		
110604012	真那必杀-精英伤	必杀对精英怪物伤害+8%	10601083	icon/angleskill/30006_angleskillA.png	ui/fairy_angle/025.png	110601	100680	4	1	2	10602083	10603083			1				1	1	1064041-1064042-1064043-1064044-1064045-1064046-1064047-1064048		
110604013	真那必杀-精英伤	必杀对精英怪物伤害+12%	10601084	icon/angleskill/30006_angleskillA.png	ui/fairy_angle/025.png	110601	100680	4	1	3	10602084	10603084			1				1	1	1064049-1064050-1064051-1064052-1064053-1064054-1064055-1064056		
110604121	真那必杀-CDR	必杀冷却时间-0.5秒	10601085	icon/angleskill/40001_angleskillA.png	ui/fairy_angle/025.png	110601	100680	4	12	1	10602085	10603085			1	[[110604114]]			1	1	1064057		
110604122	真那必杀-CDR	必杀冷却时间-1秒	10601086	icon/angleskill/40001_angleskillA.png	ui/fairy_angle/025.png	110601	100680	4	12	2	10602086	10603086			1	[[110604114]]			1	1	1064058		
110604123	真那必杀-CDR	必杀冷却时间-1.5秒	10601087	icon/angleskill/40001_angleskillA.png	ui/fairy_angle/025.png	110601	100680	4	12	3	10602087	10603087			1	[[110604114]]	[110604171,110604172,110604173]		1	1	1064059		
110604181	真那必杀-2级	角色在蓄力后生成3个幻影呈扇形向前方冲刺（幻影生成时隐藏角色模型）,并在前方生成不规则穿刺的射线,幻影冲刺完成后角色在初始位置从天而降,角色起身后,产生一次爆炸	10601088	icon/angleskill/40002_angleskillA.png	ui/fairy_angle/025.png	110601	100680	4	18	1	10602088	10603088			1	[[110604173]]	[110604231,110604232,110604233,110604234]		1	1	1064802		video/zn_4_2.mp4
110604231	真那必杀-穿透	必杀穿透率+3%	10601089	icon/angleskill/40003_angleskillA.png	ui/fairy_angle/025.png	110601	100680	4	23	1	10602089	10603089			1	[[110604181]]			1	1	1064060-1064061-1064062-1064063-1064064-1064065-1064066-1064067		
110604232	真那必杀-穿透	必杀穿透率+5%	10601090	icon/angleskill/40003_angleskillA.png	ui/fairy_angle/025.png	110601	100680	4	23	2	10602090	10603090			1	[[110604181]]			1	1	1064068-1064069-1064070-1064071-1064072-1064073-1064074-1064075		
110604233	真那必杀-穿透	必杀穿透率+7%	10601091	icon/angleskill/40003_angleskillA.png	ui/fairy_angle/025.png	110601	100680	4	23	3	10602091	10603091			1	[[110604181]]			1	1	1064076-1064077-1064078-1064079-1064080-1064081-1064082-1064083		
110604234	真那必杀-穿透	必杀穿透率+10%	10601092	icon/angleskill/40003_angleskillA.png	ui/fairy_angle/025.png	110601	100680	4	23	4	10602092	10603092			1	[[110604181]]	[110604221,110604222,110604223,110604224]		1	1	1064084-1064085-1064086-1064087-1064088-1064089-1064090-1064091		
110604111	真那必杀-技能伤	必杀伤害+5%	10601093	icon/angleskill/50001_angleskillA.png	ui/fairy_angle/025.png	110601	100680	4	11	1	10602093	10603093			1	[[110604021]]			1	1	1064092-1064093-1064094-1064095-1064096-1064097-1064098-1064099		
110604112	真那必杀-技能伤	必杀伤害+10%	10601094	icon/angleskill/50001_angleskillA.png	ui/fairy_angle/025.png	110601	100680	4	11	2	10602094	10603094			1	[[110604021]]			1	1	1064100-1064101-1064102-1064103-1064104-1064105-1064106-1064107		
110604113	真那必杀-技能伤	必杀伤害+15%	10601095	icon/angleskill/50001_angleskillA.png	ui/fairy_angle/025.png	110601	100680	4	11	3	10602095	10603095			1	[[110604021]]			1	1	1064108-1064109-1064110-1064111-1064112-1064113-1064114-1064115		
110604114	真那必杀-技能伤	必杀伤害+20%	10601096	icon/angleskill/50001_angleskillA.png	ui/fairy_angle/025.png	110601	100680	4	11	4	10602096	10603096			1	[[110604021]]	[110604121,110604122,110604123]		1	1	1064116-1064117-1064118-1064119-1064120-1064121-1064122-1064123		
110604191	真那必杀-3级	角色在蓄力后生成5个可以穿透的幻影呈扇形向前方冲刺幻影在前方生成一个不停穿刺的激光射线,激光射线穿刺形成一个六芒星,六芒星形成,角色起身,六芒星产生一次爆炸	10601097	icon/angleskill/50002_angleskillA.png	ui/fairy_angle/025.png	110601	100680	4	19	1	10602097	10603097			1	[[110604224]]			1	1	1064803		video/zn_4_3.mp4
110604171	真那必杀-眩晕	被必杀命中的目标将被眩晕0.5秒	10601098	icon/angleskill/50003_angleskillA.png	ui/fairy_angle/025.png	110601	100680	4	17	1	10602098	10603098			1	[[110604123]]			1	1			
110604172	真那必杀-眩晕	被必杀命中的目标将被眩晕1秒	10601099	icon/angleskill/50003_angleskillA.png	ui/fairy_angle/025.png	110601	100680	4	17	2	10602099	10603099			1	[[110604123]]			1	1			
110604173	真那必杀-眩晕	被必杀命中的目标将被眩晕2秒	10601100	icon/angleskill/50003_angleskillA.png	ui/fairy_angle/025.png	110601	100680	4	17	3	10602100	10603100			1	[[110604123]]	[110604181]		1	1			
110610011	真那被动1	每10点雷电能量+5%暴击率,雷电能量会自动消耗,每秒消耗2点	10601101	icon/angleskill/50002_angleskillA.png		110601		10	1	1	10602101	10603101							1				
110610021	真那被动2	每当连击达到10/20/30/40及以上时,攻速分别+5%/10%/15%/20%	10601102	icon/angleskill/50003_angleskillA.png		110601		10	2	1	10602102	10603102							2				
110610031	真那被动3	技能1/技能2/必杀,技能冷却分别缩短1/2/4秒	10601103	icon/angleskill/50004_angleskillA.png		110601		10	3	1	10602103	10603103							3				
110610041	真那被动4	电系伤害技能(技能1、技能2、必杀)在命中目标时,有30%几率使目标附电	10601104	icon/angleskill/50005_angleskillA.png		110601		10	4	1	10602104	10603104							4		1065001-1065002-1065003		
110610051	真那被动5	被附电目标死亡后会产生一次爆炸,并对爆炸范围内的敌方施加附电效果	10601105	icon/angleskill/60001_angleskillA.png		110601		10	5	1	10602105	10603105							5				
110610061	真那被动6	每一层雷电印记都将使带有附电的目标受到的伤害+X%	10601106	icon/angleskill/60002_angleskillA.png		110601		10	6	1	10602106	10603106							6				
110610071	真那被动7	当雷电印记达到5枚时将自动消耗全部印记,使自身暴击几率+40%,暴击伤害+100%,持续6秒	10601107	icon/angleskill/60003_angleskillA.png		110601		10	7	1	10602107	10603107							7				
110610081	真那被动8	对生命值高于70%的目标暴击伤害+60%	10601108	icon/angleskill/60004_angleskillA.png		110601		10	8	1	10602108	10603108							8				
110610091	真那被动9	每次使用技能命中目标都将有30%几率获得5枚雷电印记	10601109	icon/angleskill/60005_angleskillA.png		110601		10	9	1	10602109	10603109							9				
110610101	真那被动10	每次命中目标都将使自身暴击率+2%,最多20%,持续5秒	10601110	icon/angleskill/70001_angleskillA.png		110601		10	10	1	10602110	10603110							10				
110610111	真那被动11	使用任意技能都将消耗10枚雷电印记,并使该技能伤害+35%	10601111	icon/angleskill/70002_angleskillA.png		110601		10	11	1	10602111	10603111							11		1065004-1065005-1065006-1065007-1065008-1065009-1065010-1065011-1065012-1065013-1065014-1065015-1065016-1065017-1065018-1065019-1065020-1065021-1065022-1065023-1065024-1065025-1065026-1065027-1065028-1065029-1065030-1065031-1065032-1065033-1065034-1065035-1065036-1065037-1065038-1065039-1065040-1065041-1065042-1065043-1065044-1065045-1065046-1065047-1065048-1065049		
110610121	真那被动12	每一次暴击都将使下一次技能伤害+25%	10601112	icon/angleskill/70003_angleskillA.png		110601		10	12	1	10602112	10603112							12				
110610131	真那被动13	电系技能伤害+20%	10601113	icon/angleskill/70004_angleskillA.png		110601		10	13	1	10602113	10603113							13				
110610141	真那被动14	击杀目标获得5枚雷电能量值	10601114	icon/angleskill/70005_angleskillA.png		110601		10	14	1	10602114	10603114							14				
110610151	真那被动15	每次击杀敌人时,攻击和移动速度分别+20%/10%	10601115	icon/angleskill/70006_angleskillA.png		110601		10	15	1	10602115	10603115							15				
110610161	真那被动16	每秒提升5%的暴击率,直到暴击成功后重置	10601116	icon/angleskill/80001_angleskillA.png		110601		10	16	1	10602116	10603116							16				
110706011	八舞耶俱矢觉醒-1级	八舞耶俱矢觉醒-1级	1056011	icon/angleskill/10101_angleskillA.png		110701	100730	6	1	1	2011011	3011011			1				1	1			
110706012	八舞耶俱矢觉醒-2级	八舞耶俱矢觉醒-2级	1011012	icon/angleskill/10101_angleskillA.png		110701	100730	6	1	2	2011012	3011012			1				2	1			
110706013	八舞耶俱矢觉醒-3级	八舞耶俱矢觉醒-3级	1011013	icon/angleskill/10101_angleskillA.png		110701	100730	6	1	3	2011013	3011013			1				3	1			
110706014	八舞耶俱矢觉醒-4级	八舞耶俱矢觉醒-4级	1011014	icon/angleskill/10101_angleskillA.png		110701	100730	6	1	4	2011014	3011014			1				4	1			
110701011	八舞耶俱矢普攻-攻速	普攻攻速+X%	1071011	icon/angleskill/10101_angleskillA.png	ui/fairy_angle/024.png	110701	100710	1	1	1	2071011	3071011			1				1	1			
110701012	八舞耶俱矢普攻-攻速	普攻攻速+X%	1071012	icon/angleskill/10101_angleskillA.png	ui/fairy_angle/024.png	110701	100710	1	1	2	2071012	3071012			1				2	1			
110701013	八舞耶俱矢普攻-攻速	普攻攻速+X%	1071013	icon/angleskill/10101_angleskillA.png	ui/fairy_angle/024.png	110701	100710	1	1	3	2071013	3071013			1				3	1			
110701014	八舞耶俱矢普攻-攻速	普攻攻速+X%	1071014	icon/angleskill/10101_angleskillA.png	ui/fairy_angle/024.png	110701	100710	1	1	4	2071014	3071014			1				4	1			
110701015	八舞耶俱矢普攻-攻速	普攻攻速+X%	1071015	icon/angleskill/10101_angleskillA.png	ui/fairy_angle/024.png	110701	100710	1	1	5	2071015	3071015			1				5	1			
110701021	八舞耶俱矢普攻-八舞耶俱矢4段		1071021	icon/angleskill/10101_angleskillA.png	ui/fairy_angle/024.png	110701	100710	1	2	1	2071021	3071021			1				6	1			
110701031	八舞耶俱矢普攻-吸血	普攻命中目标,有X%几率将伤害值的X%转化为生命值	1071031	icon/angleskill/10101_angleskillA.png	ui/fairy_angle/024.png	110701	100710	1	3	1	2071031	3071031			1				7	1			
110701032	八舞耶俱矢普攻-吸血	普攻命中目标,有X%几率将伤害值的X%转化为生命值	1071032	icon/angleskill/10101_angleskillA.png	ui/fairy_angle/024.png	110701	100710	1	3	2	2071032	3071032			1				8	1			
110701033	八舞耶俱矢普攻-吸血	普攻命中目标,有X%几率将伤害值的X%转化为生命值	1071033	icon/angleskill/10101_angleskillA.png	ui/fairy_angle/024.png	110701	100710	1	3	3	2071033	3071033			1				9	1			
110701034	八舞耶俱矢普攻-吸血	普攻命中目标,有X%几率将伤害值的X%转化为生命值	1071034	icon/angleskill/10101_angleskillA.png	ui/fairy_angle/024.png	110701	100710	1	3	4	2071034	3071034			1				10	1			
110701035	八舞耶俱矢普攻-吸血	普攻命中目标,有X%几率将伤害值的X%转化为生命值	1071035	icon/angleskill/10101_angleskillA.png	ui/fairy_angle/024.png	110701	100710	1	3	5	2071035	3071035			1				11	1			
110701041	八舞耶俱矢普攻-额外伤害	当普攻暴击目标时,将使目标受到一次X%的额外伤害	1071041	icon/angleskill/10101_angleskillA.png	ui/fairy_angle/024.png	110701	100710	1	4	1	2071041	3071041			1				12	1			
110701042	八舞耶俱矢普攻-额外伤害	当普攻暴击目标时,将使目标受到一次X%的额外伤害	1071042	icon/angleskill/10101_angleskillA.png	ui/fairy_angle/024.png	110701	100710	1	4	2	2071042	3071042			1				13	1			
110701043	八舞耶俱矢普攻-额外伤害	当普攻暴击目标时,将使目标受到一次X%的额外伤害	1071043	icon/angleskill/10101_angleskillA.png	ui/fairy_angle/024.png	110701	100710	1	4	3	2071043	3071043			1				14	1			
110701044	八舞耶俱矢普攻-额外伤害	当普攻暴击目标时,将使目标受到一次X%的额外伤害	1071044	icon/angleskill/10101_angleskillA.png	ui/fairy_angle/024.png	110701	100710	1	4	4	2071044	3071044			1				15	1			
110701045	八舞耶俱矢普攻-额外伤害	当普攻暴击目标时,将使目标受到一次X%的额外伤害	1071045	icon/angleskill/10101_angleskillA.png	ui/fairy_angle/024.png	110701	100710	1	4	5	2071045	3071045			1				16	1			
110701051	八舞耶俱矢普攻-八舞耶俱矢5段		1071051	icon/angleskill/10101_angleskillA.png	ui/fairy_angle/024.png	110701	100710	1	5	1	2071051	3071051			1				17	1			
110701061	八舞耶俱矢普攻-机械伤	普攻对机械类怪物伤害+X%	1071061	icon/angleskill/10101_angleskillA.png	ui/fairy_angle/024.png	110701	100710	1	6	1	2071061	3071061			1				18	1			
110701062	八舞耶俱矢普攻-机械伤	普攻对机械类怪物伤害+X%	1071062	icon/angleskill/10101_angleskillA.png	ui/fairy_angle/024.png	110701	100710	1	6	2	2071062	3071062			1				19	1			
110701063	八舞耶俱矢普攻-机械伤	普攻对机械类怪物伤害+X%	1071063	icon/angleskill/10101_angleskillA.png	ui/fairy_angle/024.png	110701	100710	1	6	3	2071063	3071063			1				20	1			
110701064	八舞耶俱矢普攻-机械伤	普攻对机械类怪物伤害+X%	1071064	icon/angleskill/10101_angleskillA.png	ui/fairy_angle/024.png	110701	100710	1	6	4	2071064	3071064			1				21	1			
110701065	八舞耶俱矢普攻-机械伤	普攻对机械类怪物伤害+X%	1071065	icon/angleskill/10101_angleskillA.png	ui/fairy_angle/024.png	110701	100710	1	6	5	2071065	3071065			1				22	1			
110701071	八舞耶俱矢普攻-普通怪物伤害	普攻对普通怪物伤害+X%	1071071	icon/angleskill/10101_angleskillA.png	ui/fairy_angle/024.png	110701	100710	1	7	1	2071071	3071071			1				23	1			
110701072	八舞耶俱矢普攻-普通怪物伤害	普攻对普通怪物伤害+X%	1071072	icon/angleskill/10101_angleskillA.png	ui/fairy_angle/024.png	110701	100710	1	7	2	2071072	3071072			1				24	1			
110701073	八舞耶俱矢普攻-普通怪物伤害	普攻对普通怪物伤害+X%	1071073	icon/angleskill/10101_angleskillA.png	ui/fairy_angle/024.png	110701	100710	1	7	3	2071073	3071073			1				25	1			
110701074	八舞耶俱矢普攻-普通怪物伤害	普攻对普通怪物伤害+X%	1071074	icon/angleskill/10101_angleskillA.png	ui/fairy_angle/024.png	110701	100710	1	7	4	2071074	3071074			1				26	1			
110701075	八舞耶俱矢普攻-普通怪物伤害	普攻对普通怪物伤害+X%	1071075	icon/angleskill/10101_angleskillA.png	ui/fairy_angle/024.png	110701	100710	1	7	5	2071075	3071075			1				27	1			
110701081	八舞耶俱矢普攻-爆炸		1071081	icon/angleskill/10101_angleskillA.png	ui/fairy_angle/024.png	110701	100710	1	8	1	2071081	3071081			1				28	1			
110701091	八舞耶俱矢普攻-命中+风之力	普攻命中目标,额外获得1点风之力	1071091	icon/angleskill/10101_angleskillA.png	ui/fairy_angle/024.png	110701	100710	1	9	1	2071091	3071091			1				29	1			
110701092	八舞耶俱矢普攻-命中+风之力	普攻命中目标,额外获得1点风之力	1071092	icon/angleskill/10101_angleskillA.png	ui/fairy_angle/024.png	110701	100710	1	9	2	2071092	3071092			1				30	1			
110701093	八舞耶俱矢普攻-命中+风之力	普攻命中目标,额外获得1点风之力	1071093	icon/angleskill/10101_angleskillA.png	ui/fairy_angle/024.png	110701	100710	1	9	3	2071093	3071093			1				31	1			
110701094	八舞耶俱矢普攻-命中+风之力	普攻命中目标,额外获得1点风之力	1071094	icon/angleskill/10101_angleskillA.png	ui/fairy_angle/024.png	110701	100710	1	9	4	2071094	3071094			1				32	1			
110701095	八舞耶俱矢普攻-命中+风之力	普攻命中目标,额外获得1点风之力	1071095	icon/angleskill/10101_angleskillA.png	ui/fairy_angle/024.png	110701	100710	1	9	5	2071095	3071095			1				33	1			
110702011	八舞耶俱矢技能1-技能精英伤	技能1对精英怪物伤害+X%	1072011	icon/angleskill/10101_angleskillA.png	ui/fairy_angle/026.png	110701	100720	2	1	1	2072011	3072011			1				1	1			
110702012	八舞耶俱矢技能1-技能精英伤	技能1对精英怪物伤害+X%	1072012	icon/angleskill/10101_angleskillA.png	ui/fairy_angle/026.png	110701	100720	2	1	2	2072012	3072012			1				2	1			
110702013	八舞耶俱矢技能1-技能精英伤	技能1对精英怪物伤害+X%	1072013	icon/angleskill/10101_angleskillA.png	ui/fairy_angle/026.png	110701	100720	2	1	3	2072013	3072013			1				3	1			
110702014	八舞耶俱矢技能1-技能精英伤	技能1对精英怪物伤害+X%	1072014	icon/angleskill/10101_angleskillA.png	ui/fairy_angle/026.png	110701	100720	2	1	4	2072014	3072014			1				4	1			
110702015	八舞耶俱矢技能1-技能精英伤	技能1对精英怪物伤害+X%	1072015	icon/angleskill/10101_angleskillA.png	ui/fairy_angle/026.png	110701	100720	2	1	5	2072015	3072015			1				5	1			
110702021	八舞耶俱矢技能1-1级		1072021	icon/angleskill/10101_angleskillA.png	ui/fairy_angle/026.png	110701	100720	2	2	1	2072021	3072021			1				6	1			
110702031	八舞耶俱矢技能1-技能伤	技能1伤害+x%	1072031	icon/angleskill/10101_angleskillA.png	ui/fairy_angle/026.png	110701	100720	2	3	1	2072031	3072031			1				7	1			
110702032	八舞耶俱矢技能1-技能伤	技能1伤害+x%	1072032	icon/angleskill/10101_angleskillA.png	ui/fairy_angle/026.png	110701	100720	2	3	2	2072032	3072032			1				8	1			
110702033	八舞耶俱矢技能1-技能伤	技能1伤害+x%	1072033	icon/angleskill/10101_angleskillA.png	ui/fairy_angle/026.png	110701	100720	2	3	3	2072033	3072033			1				9	1			
110702034	八舞耶俱矢技能1-技能伤	技能1伤害+x%	1072034	icon/angleskill/10101_angleskillA.png	ui/fairy_angle/026.png	110701	100720	2	3	4	2072034	3072034			1				10	1			
110702035	八舞耶俱矢技能1-技能伤	技能1伤害+x%	1072035	icon/angleskill/10101_angleskillA.png	ui/fairy_angle/026.png	110701	100720	2	3	5	2072035	3072035			1				11	1			
110702041	八舞耶俱矢技能1-+消耗,+伤害	使用技能1将额外消耗X点风之力,并使技能伤害+X%	1072041	icon/angleskill/10101_angleskillA.png	ui/fairy_angle/026.png	110701	100720	2	4	1	2072041	3072041			1				12	1			
110702042	八舞耶俱矢技能1-+消耗,+伤害	使用技能1将额外消耗X点风之力,并使技能伤害+X%	1072042	icon/angleskill/10101_angleskillA.png	ui/fairy_angle/026.png	110701	100720	2	4	2	2072042	3072042			1				13	1			
110702043	八舞耶俱矢技能1-+消耗,+伤害	使用技能1将额外消耗X点风之力,并使技能伤害+X%	1072043	icon/angleskill/10101_angleskillA.png	ui/fairy_angle/026.png	110701	100720	2	4	3	2072043	3072043			1				14	1			
110702044	八舞耶俱矢技能1-+消耗,+伤害	使用技能1将额外消耗X点风之力,并使技能伤害+X%	1072044	icon/angleskill/10101_angleskillA.png	ui/fairy_angle/026.png	110701	100720	2	4	4	2072044	3072044			1				15	1			
110702045	八舞耶俱矢技能1-+消耗,+伤害	使用技能1将额外消耗X点风之力,并使技能伤害+X%	1072045	icon/angleskill/10101_angleskillA.png	ui/fairy_angle/026.png	110701	100720	2	4	5	2072045	3072045			1				16	1			
110702051	八舞耶俱矢技能1-2级		1072051	icon/angleskill/10101_angleskillA.png	ui/fairy_angle/026.png	110701	100720	2	5	1	2072051	3072051			1				17	1			
110702061	八舞耶俱矢技能1-技能攻速	技能1技能攻速+10%	1072061	icon/angleskill/10101_angleskillA.png	ui/fairy_angle/026.png	110701	100720	2	6	1	2072061	3072061			1				18	1			
110702062	八舞耶俱矢技能1-技能攻速	技能1技能攻速+10%	1072062	icon/angleskill/10101_angleskillA.png	ui/fairy_angle/026.png	110701	100720	2	6	2	2072062	3072062			1				19	1			
110702063	八舞耶俱矢技能1-技能攻速	技能1技能攻速+10%	1072063	icon/angleskill/10101_angleskillA.png	ui/fairy_angle/026.png	110701	100720	2	6	3	2072063	3072063			1				20	1			
110702064	八舞耶俱矢技能1-技能攻速	技能1技能攻速+10%	1072064	icon/angleskill/10101_angleskillA.png	ui/fairy_angle/026.png	110701	100720	2	6	4	2072064	3072064			1				21	1			
110702065	八舞耶俱矢技能1-技能攻速	技能1技能攻速+10%	1072065	icon/angleskill/10101_angleskillA.png	ui/fairy_angle/026.png	110701	100720	2	6	5	2072065	3072065			1				22	1			
110702071	八舞耶俱矢技能1-技能无视防御	技能1无视目标x%的防御	1072071	icon/angleskill/10101_angleskillA.png	ui/fairy_angle/026.png	110701	100720	2	7	1	2072071	3072071			1				23	1			
110702072	八舞耶俱矢技能1-技能无视防御	技能1无视目标x%的防御	1072072	icon/angleskill/10101_angleskillA.png	ui/fairy_angle/026.png	110701	100720	2	7	2	2072072	3072072			1				24	1			
110702073	八舞耶俱矢技能1-技能无视防御	技能1无视目标x%的防御	1072073	icon/angleskill/10101_angleskillA.png	ui/fairy_angle/026.png	110701	100720	2	7	3	2072073	3072073			1				25	1			
110702074	八舞耶俱矢技能1-技能无视防御	技能1无视目标x%的防御	1072074	icon/angleskill/10101_angleskillA.png	ui/fairy_angle/026.png	110701	100720	2	7	4	2072074	3072074			1				26	1			
110702075	八舞耶俱矢技能1-技能无视防御	技能1无视目标x%的防御	1072075	icon/angleskill/10101_angleskillA.png	ui/fairy_angle/026.png	110701	100720	2	7	5	2072075	3072075			1				27	1			
110702081	八舞耶俱矢技能1-3级		1072081	icon/angleskill/10101_angleskillA.png	ui/fairy_angle/026.png	110701	100720	2	8	1	2072081	3072081			1				28	1			
110702091	八舞耶俱矢技能1-技能暴击率	技能1暴击率+x%	1072091	icon/angleskill/10101_angleskillA.png	ui/fairy_angle/026.png	110701	100720	2	9	1	2072091	3072091			1				29	1			
110702092	八舞耶俱矢技能1-技能暴击率	技能1暴击率+x%	1072092	icon/angleskill/10101_angleskillA.png	ui/fairy_angle/026.png	110701	100720	2	9	2	2072092	3072092			1				30	1			
110702093	八舞耶俱矢技能1-技能暴击率	技能1暴击率+x%	1072093	icon/angleskill/10101_angleskillA.png	ui/fairy_angle/026.png	110701	100720	2	9	3	2072093	3072093			1				31	1			
110702094	八舞耶俱矢技能1-技能暴击率	技能1暴击率+x%	1072094	icon/angleskill/10101_angleskillA.png	ui/fairy_angle/026.png	110701	100720	2	9	4	2072094	3072094			1				32	1			
110702095	八舞耶俱矢技能1-技能暴击率	技能1暴击率+x%	1072095	icon/angleskill/10101_angleskillA.png	ui/fairy_angle/026.png	110701	100720	2	9	5	2072095	3072095			1				33	1			
110703011	八舞耶俱矢技能2-+移动速度	技能2使用后移动速度+5%	1073011	icon/angleskill/10101_angleskillA.png	ui/fairy_angle/027.png	110701	100770	3	1	1	2073011	3073011			1				1	1			
110703012	八舞耶俱矢技能2-+移动速度	技能2使用后移动速度+5%	1073012	icon/angleskill/10101_angleskillA.png	ui/fairy_angle/027.png	110701	100770	3	1	2	2073012	3073012			1				2	1			
110703013	八舞耶俱矢技能2-+移动速度	技能2使用后移动速度+5%	1073013	icon/angleskill/10101_angleskillA.png	ui/fairy_angle/027.png	110701	100770	3	1	3	2073013	3073013			1				3	1			
110703014	八舞耶俱矢技能2-+移动速度	技能2使用后移动速度+5%	1073014	icon/angleskill/10101_angleskillA.png	ui/fairy_angle/027.png	110701	100770	3	1	4	2073014	3073014			1				4	1			
110703015	八舞耶俱矢技能2-+移动速度	技能2使用后移动速度+5%	1073015	icon/angleskill/10101_angleskillA.png	ui/fairy_angle/027.png	110701	100770	3	1	5	2073015	3073015			1				5	1			
110703021	八舞耶俱矢技能2-1级		1073021	icon/angleskill/10101_angleskillA.png	ui/fairy_angle/027.png	110701	100770	3	2	1	2073021	3073021			1				6	1			
110703031	八舞耶俱矢技能2-额外伤害	技能2将对被命中的目标造成X%点额外伤害	1073031	icon/angleskill/10101_angleskillA.png	ui/fairy_angle/027.png	110701	100770	3	3	1	2073031	3073031			1				7	1			
110703032	八舞耶俱矢技能2-额外伤害	技能2将对被命中的目标造成X%点额外伤害	1073032	icon/angleskill/10101_angleskillA.png	ui/fairy_angle/027.png	110701	100770	3	3	2	2073032	3073032			1				8	1			
110703033	八舞耶俱矢技能2-额外伤害	技能2将对被命中的目标造成X%点额外伤害	1073033	icon/angleskill/10101_angleskillA.png	ui/fairy_angle/027.png	110701	100770	3	3	3	2073033	3073033			1				9	1			
110703034	八舞耶俱矢技能2-额外伤害	技能2将对被命中的目标造成X%点额外伤害	1073034	icon/angleskill/10101_angleskillA.png	ui/fairy_angle/027.png	110701	100770	3	3	4	2073034	3073034			1				10	1			
110703035	八舞耶俱矢技能2-额外伤害	技能2将对被命中的目标造成X%点额外伤害	1073035	icon/angleskill/10101_angleskillA.png	ui/fairy_angle/027.png	110701	100770	3	3	5	2073035	3073035			1				11	1			
110703041	八舞耶俱矢技能2-技能易伤	技能2有X%几率对被命中的目标造成易伤,易伤目标目标受到的伤害+X%,持续3s。	1073041	icon/angleskill/10101_angleskillA.png	ui/fairy_angle/027.png	110701	100770	3	4	1	2073041	3073041			1				12	1			
110703042	八舞耶俱矢技能2-技能易伤	技能2有X%几率对被命中的目标造成易伤,易伤目标目标受到的伤害+X%,持续3s。	1073042	icon/angleskill/10101_angleskillA.png	ui/fairy_angle/027.png	110701	100770	3	4	2	2073042	3073042			1				13	1			
110703043	八舞耶俱矢技能2-技能易伤	技能2有X%几率对被命中的目标造成易伤,易伤目标目标受到的伤害+X%,持续3s。	1073043	icon/angleskill/10101_angleskillA.png	ui/fairy_angle/027.png	110701	100770	3	4	3	2073043	3073043			1				14	1			
110703044	八舞耶俱矢技能2-技能易伤	技能2有X%几率对被命中的目标造成易伤,易伤目标目标受到的伤害+X%,持续3s。	1073044	icon/angleskill/10101_angleskillA.png	ui/fairy_angle/027.png	110701	100770	3	4	4	2073044	3073044			1				15	1			
110703045	八舞耶俱矢技能2-技能易伤	技能2有X%几率对被命中的目标造成易伤,易伤目标目标受到的伤害+X%,持续3s。	1073045	icon/angleskill/10101_angleskillA.png	ui/fairy_angle/027.png	110701	100770	3	4	5	2073045	3073045			1				16	1			
110703051	八舞耶俱矢技能2-2级		1073051	icon/angleskill/10101_angleskillA.png	ui/fairy_angle/027.png	110701	100770	3	5	1	2073051	3073051			1				17	1			
110703061	八舞耶俱矢技能2-消耗降低	技能2风之力消耗降低x点	1073061	icon/angleskill/10101_angleskillA.png	ui/fairy_angle/027.png	110701	100770	3	6	1	2073061	3073061			1				18	1			
110703062	八舞耶俱矢技能2-消耗降低	技能2风之力消耗降低x点	1073062	icon/angleskill/10101_angleskillA.png	ui/fairy_angle/027.png	110701	100770	3	6	2	2073062	3073062			1				19	1			
110703063	八舞耶俱矢技能2-消耗降低	技能2风之力消耗降低x点	1073063	icon/angleskill/10101_angleskillA.png	ui/fairy_angle/027.png	110701	100770	3	6	3	2073063	3073063			1				20	1			
110703064	八舞耶俱矢技能2-消耗降低	技能2风之力消耗降低x点	1073064	icon/angleskill/10101_angleskillA.png	ui/fairy_angle/027.png	110701	100770	3	6	4	2073064	3073064			1				21	1			
110703065	八舞耶俱矢技能2-消耗降低	技能2风之力消耗降低x点	1073065	icon/angleskill/10101_angleskillA.png	ui/fairy_angle/027.png	110701	100770	3	6	5	2073065	3073065			1				22	1			
110703071	八舞耶俱矢技能2-精英伤	技能2对精英怪物伤害+X%	1073071	icon/angleskill/10101_angleskillA.png	ui/fairy_angle/027.png	110701	100770	3	7	1	2073071	3073071			1				23	1			
110703072	八舞耶俱矢技能2-精英伤	技能2对精英怪物伤害+X%	1073072	icon/angleskill/10101_angleskillA.png	ui/fairy_angle/027.png	110701	100770	3	7	2	2073072	3073072			1				24	1			
110703073	八舞耶俱矢技能2-精英伤	技能2对精英怪物伤害+X%	1073073	icon/angleskill/10101_angleskillA.png	ui/fairy_angle/027.png	110701	100770	3	7	3	2073073	3073073			1				25	1			
110703074	八舞耶俱矢技能2-精英伤	技能2对精英怪物伤害+X%	1073074	icon/angleskill/10101_angleskillA.png	ui/fairy_angle/027.png	110701	100770	3	7	4	2073074	3073074			1				26	1			
110703075	八舞耶俱矢技能2-精英伤	技能2对精英怪物伤害+X%	1073075	icon/angleskill/10101_angleskillA.png	ui/fairy_angle/027.png	110701	100770	3	7	5	2073075	3073075			1				27	1			
110703081	八舞耶俱矢技能2-3级		1073081	icon/angleskill/10101_angleskillA.png	ui/fairy_angle/027.png	110701	100770	3	8	1	2073081	3073081			1				28	1			
110703091	八舞耶俱矢技能2-技能伤	技能2伤害+5%	1073091	icon/angleskill/10101_angleskillA.png	ui/fairy_angle/027.png	110701	100770	3	9	1	2073091	3073091			1				29	1			
110703092	八舞耶俱矢技能2-技能伤	技能2伤害+5%	1073092	icon/angleskill/10101_angleskillA.png	ui/fairy_angle/027.png	110701	100770	3	9	2	2073092	3073092			1				30	1			
110703093	八舞耶俱矢技能2-技能伤	技能2伤害+5%	1073093	icon/angleskill/10101_angleskillA.png	ui/fairy_angle/027.png	110701	100770	3	9	3	2073093	3073093			1				31	1			
110703094	八舞耶俱矢技能2-技能伤	技能2伤害+5%	1073094	icon/angleskill/10101_angleskillA.png	ui/fairy_angle/027.png	110701	100770	3	9	4	2073094	3073094			1				32	1			
110703095	八舞耶俱矢技能2-技能伤	技能2伤害+5%	1073095	icon/angleskill/10101_angleskillA.png	ui/fairy_angle/027.png	110701	100770	3	9	5	2073095	3073095			1				33	1			
110704011	八舞耶俱矢必杀-暴击额外伤害	当目标生命值低于10%时,每次被必杀暴击都将使受到X%的额外伤害	1074011	icon/angleskill/10101_angleskillA.png	ui/fairy_angle/025.png	110701	100780	4	1	1	2074011	3074011			1				1	1			
110704012	八舞耶俱矢必杀-暴击额外伤害	当目标生命值低于10%时,每次被必杀暴击都将使受到X%的额外伤害	1074012	icon/angleskill/10101_angleskillA.png	ui/fairy_angle/025.png	110701	100780	4	1	2	2074012	3074012			1				2	1			
110704013	八舞耶俱矢必杀-暴击额外伤害	当目标生命值低于10%时,每次被必杀暴击都将使受到X%的额外伤害	1074013	icon/angleskill/10101_angleskillA.png	ui/fairy_angle/025.png	110701	100780	4	1	3	2074013	3074013			1				3	1			
110704014	八舞耶俱矢必杀-暴击额外伤害	当目标生命值低于10%时,每次被必杀暴击都将使受到X%的额外伤害	1074014	icon/angleskill/10101_angleskillA.png	ui/fairy_angle/025.png	110701	100780	4	1	4	2074014	3074014			1				4	1			
110704015	八舞耶俱矢必杀-暴击额外伤害	当目标生命值低于10%时,每次被必杀暴击都将使受到X%的额外伤害	1074015	icon/angleskill/10101_angleskillA.png	ui/fairy_angle/025.png	110701	100780	4	1	5	2074015	3074015			1				5	1			
110704021	八舞耶俱矢必杀-1级		1074021	icon/angleskill/10101_angleskillA.png	ui/fairy_angle/025.png	110701	100780	4	2	1	2074021	3074021			1				6	1			
110704031	八舞耶俱矢必杀-技能伤	必杀伤害+5%	1074031	icon/angleskill/10101_angleskillA.png	ui/fairy_angle/025.png	110701	100780	4	3	1	2074031	3074031			1				7	1			
110704032	八舞耶俱矢必杀-技能伤	必杀伤害+5%	1074032	icon/angleskill/10101_angleskillA.png	ui/fairy_angle/025.png	110701	100780	4	3	2	2074032	3074032			1				8	1			
110704033	八舞耶俱矢必杀-技能伤	必杀伤害+5%	1074033	icon/angleskill/10101_angleskillA.png	ui/fairy_angle/025.png	110701	100780	4	3	3	2074033	3074033			1				9	1			
110704034	八舞耶俱矢必杀-技能伤	必杀伤害+5%	1074034	icon/angleskill/10101_angleskillA.png	ui/fairy_angle/025.png	110701	100780	4	3	4	2074034	3074034			1				10	1			
110704035	八舞耶俱矢必杀-技能伤	必杀伤害+5%	1074035	icon/angleskill/10101_angleskillA.png	ui/fairy_angle/025.png	110701	100780	4	3	5	2074035	3074035			1				11	1			
110704041	八舞耶俱矢必杀-技能消耗	必杀风之力消耗降低x点	1074041	icon/angleskill/10101_angleskillA.png	ui/fairy_angle/025.png	110701	100780	4	4	1	2074041	3074041			1				12	1			
110704042	八舞耶俱矢必杀-技能消耗	必杀风之力消耗降低x点	1074042	icon/angleskill/10101_angleskillA.png	ui/fairy_angle/025.png	110701	100780	4	4	2	2074042	3074042			1				13	1			
110704043	八舞耶俱矢必杀-技能消耗	必杀风之力消耗降低x点	1074043	icon/angleskill/10101_angleskillA.png	ui/fairy_angle/025.png	110701	100780	4	4	3	2074043	3074043			1				14	1			
110704044	八舞耶俱矢必杀-技能消耗	必杀风之力消耗降低x点	1074044	icon/angleskill/10101_angleskillA.png	ui/fairy_angle/025.png	110701	100780	4	4	4	2074044	3074044			1				15	1			
110704045	八舞耶俱矢必杀-技能消耗	必杀风之力消耗降低x点	1074045	icon/angleskill/10101_angleskillA.png	ui/fairy_angle/025.png	110701	100780	4	4	5	2074045	3074045			1				16	1			
110704051	八舞耶俱矢必杀-2级		1074051	icon/angleskill/10101_angleskillA.png	ui/fairy_angle/025.png	110701	100780	4	5	1	2074051	3074051			1				17	1			
110704061	八舞耶俱矢必杀-Boss伤	必杀对Boss伤害+X%	1074061	icon/angleskill/10101_angleskillA.png	ui/fairy_angle/025.png	110701	100780	4	6	1	2074061	3074061			1				18	1			
110704062	八舞耶俱矢必杀-Boss伤	必杀对Boss伤害+X%	1074062	icon/angleskill/10101_angleskillA.png	ui/fairy_angle/025.png	110701	100780	4	6	2	2074062	3074062			1				19	1			
110704063	八舞耶俱矢必杀-Boss伤	必杀对Boss伤害+X%	1074063	icon/angleskill/10101_angleskillA.png	ui/fairy_angle/025.png	110701	100780	4	6	3	2074063	3074063			1				20	1			
110704064	八舞耶俱矢必杀-Boss伤	必杀对Boss伤害+X%	1074064	icon/angleskill/10101_angleskillA.png	ui/fairy_angle/025.png	110701	100780	4	6	4	2074064	3074064			1				21	1			
110704065	八舞耶俱矢必杀-Boss伤	必杀对Boss伤害+X%	1074065	icon/angleskill/10101_angleskillA.png	ui/fairy_angle/025.png	110701	100780	4	6	5	2074065	3074065			1				22	1			
110704071	八舞耶俱矢必杀-穿透率	必杀穿透率+x%	1074071	icon/angleskill/10101_angleskillA.png	ui/fairy_angle/025.png	110701	100780	4	7	1	2074071	3074071			1				23	1			
110704072	八舞耶俱矢必杀-穿透率	必杀穿透率+x%	1074072	icon/angleskill/10101_angleskillA.png	ui/fairy_angle/025.png	110701	100780	4	7	2	2074072	3074072			1				24	1			
110704073	八舞耶俱矢必杀-穿透率	必杀穿透率+x%	1074073	icon/angleskill/10101_angleskillA.png	ui/fairy_angle/025.png	110701	100780	4	7	3	2074073	3074073			1				25	1			
110704074	八舞耶俱矢必杀-穿透率	必杀穿透率+x%	1074074	icon/angleskill/10101_angleskillA.png	ui/fairy_angle/025.png	110701	100780	4	7	4	2074074	3074074			1				26	1			
110704075	八舞耶俱矢必杀-穿透率	必杀穿透率+x%	1074075	icon/angleskill/10101_angleskillA.png	ui/fairy_angle/025.png	110701	100780	4	7	5	2074075	3074075			1				27	1			
110704081	八舞耶俱矢必杀-3级		1074081	icon/angleskill/10101_angleskillA.png	ui/fairy_angle/025.png	110701	100780	4	8	1	2074081	3074081			1				28	1			
110704091	八舞耶俱矢必杀-击杀回复	使用必杀击杀怪物时,每击杀一个都将恢复X%的HP	1074091	icon/angleskill/10101_angleskillA.png	ui/fairy_angle/025.png	110701	100780	4	9	1	2074091	3074091			1				29	1			
110704092	八舞耶俱矢必杀-击杀回复	使用必杀击杀怪物时,每击杀一个都将恢复X%的HP	1074092	icon/angleskill/10101_angleskillA.png	ui/fairy_angle/025.png	110701	100780	4	9	2	2074092	3074092			1				30	1			
110704093	八舞耶俱矢必杀-击杀回复	使用必杀击杀怪物时,每击杀一个都将恢复X%的HP	1074093	icon/angleskill/10101_angleskillA.png	ui/fairy_angle/025.png	110701	100780	4	9	3	2074093	3074093			1				31	1			
110704094	八舞耶俱矢必杀-击杀回复	使用必杀击杀怪物时,每击杀一个都将恢复X%的HP	1074094	icon/angleskill/10101_angleskillA.png	ui/fairy_angle/025.png	110701	100780	4	9	4	2074094	3074094			1				32	1			
110704095	八舞耶俱矢必杀-击杀回复	使用必杀击杀怪物时,每击杀一个都将恢复X%的HP	1074095	icon/angleskill/10101_angleskillA.png	ui/fairy_angle/025.png	110701	100780	4	9	5	2074095	3074095			1				33	1			
110710011	八舞耶俱矢被动1	技能风之力消耗+x%,技能暴击率+20%	1071001	icon/angleskill/10101_angleskillA.png		110701		10	1	1	2071001	3071001							1				
110710021	八舞耶俱矢被动2	对生命值低于30%的目标造成x%的额外伤害	1071002	icon/angleskill/10101_angleskillA.png		110701		10	2	1	2071002	3071002							2				
110710031	八舞耶俱矢被动3	技能将无视目标50%的防御力	1071003	icon/angleskill/10101_angleskillA.png		110701		10	3	1	2071003	3071003							3				
110710041	八舞耶俱矢被动4	技能风之力消耗+x%,技能伤害+x%	1071004	icon/angleskill/10101_angleskillA.png		110701		10	4	1	2071004	3071004							4				
110710051	八舞耶俱矢被动5	所有被命中的目标有X%的几率进入易伤状态,易伤的目标受到的暴击率+10%	1071005	icon/angleskill/10101_angleskillA.png		110701		10	5	1	2071005	3071005							5				
110710061	八舞耶俱矢被动6	暴击伤害+X%,对易伤目标暴击伤害+X%	1071006	icon/angleskill/10101_angleskillA.png		110701		10	6	1	2071006	3071006							6				
110710071	八舞耶俱矢被动7	每次击杀敌人都将获得5点风之力	1071007	icon/angleskill/10101_angleskillA.png		110701		10	7	1	2071007	3071007							7				
110710081	八舞耶俱矢被动8	暴击将获得3点风之力	1071008	icon/angleskill/10101_angleskillA.png		110701		10	8	1	2071008	3071008							8				
110710091	八舞耶俱矢被动9	每次命中目标都将有X%的几率获得1点风之力	1071009	icon/angleskill/10101_angleskillA.png		110701		10	9	1	2071009	3071009							9				
110710101	八舞耶俱矢被动10	攻速加成的X%将转换为移动速度加成	1071010	icon/angleskill/10101_angleskillA.png		110701		10	10	1	2071010	3071010							10				
110710111	八舞耶俱矢被动11	每次命中目标都将使自身攻击+X%,暴击率+X%,持续X秒,最多叠加20层	1071011	icon/angleskill/10101_angleskillA.png		110701		10	11	1	2071011	3071011							11				
110710121	八舞耶俱矢被动12	暴击有x%的几率使目标受到目标生命值上限x%的额外伤害	1071012	icon/angleskill/10101_angleskillA.png		110701		10	12	1	2071012	3071012							12				
110710131	八舞耶俱矢被动13	队伍所有成员暴击率+X%	1071013	icon/angleskill/10101_angleskillA.png		110701		10	13	1	2071013	3071013							13				
110710141	八舞耶俱矢被动14	伤害+10%,但生命值上限降低10%	1071014	icon/angleskill/10101_angleskillA.png		110701		10	14	1	2071014	3071014							14				
110710151	八舞耶俱矢被动15	当自身生命值低于30%时,获得最大生命值x%的护盾,每X秒生效1次	1071015	icon/angleskill/10101_angleskillA.png		110701		10	15	1	2071015	3071015							15				
110710161	八舞耶俱矢被动16	当前生命值每降低X%,伤害则+X%,最多+50%	1071016	icon/angleskill/10101_angleskillA.png		110701		10	16	1	2071016	3071016							16				
110806011	八舞夕玄觉醒-1级	八舞夕玄觉醒-1级	1056011	icon/angleskill/10101_angleskillA.png		110801	100830	6	1	1	2011011	3011011			1				1	1			
110806012	八舞夕玄觉醒-2级	八舞夕玄觉醒-2级	1011012	icon/angleskill/10101_angleskillA.png		110801	100830	6	1	2	2011012	3011012			1				2	1			
110806013	八舞夕玄觉醒-3级	八舞夕玄觉醒-3级	1011013	icon/angleskill/10101_angleskillA.png		110801	100830	6	1	3	2011013	3011013			1				3	1			
110806014	八舞夕玄觉醒-4级	八舞夕玄觉醒-4级	1011014	icon/angleskill/10101_angleskillA.png		110801	100830	6	1	4	2011014	3011014			1				4	1			
110801011	八舞夕弦普攻-普攻伤害	普攻伤害+X%	1081011	icon/angleskill/10101_angleskillA.png	ui/fairy_angle/024.png	110801	100810	1	1	1	2081011	3081011			1				1	1			
110801012	八舞夕弦普攻-普攻伤害	普攻伤害+X%	1081012	icon/angleskill/10101_angleskillA.png	ui/fairy_angle/024.png	110801	100810	1	1	2	2081012	3081012			1				2	1			
110801013	八舞夕弦普攻-普攻伤害	普攻伤害+X%	1081013	icon/angleskill/10101_angleskillA.png	ui/fairy_angle/024.png	110801	100810	1	1	3	2081013	3081013			1				3	1			
110801014	八舞夕弦普攻-普攻伤害	普攻伤害+X%	1081014	icon/angleskill/10101_angleskillA.png	ui/fairy_angle/024.png	110801	100810	1	1	4	2081014	3081014			1				4	1			
110801015	八舞夕弦普攻-普攻伤害	普攻伤害+X%	1081015	icon/angleskill/10101_angleskillA.png	ui/fairy_angle/024.png	110801	100810	1	1	5	2081015	3081015			1				5	1			
110801021	八舞夕弦普攻-八舞夕弦4段		1081021	icon/angleskill/10101_angleskillA.png	ui/fairy_angle/024.png	110801	100810	1	2	1	2081021	3081021			1				6	1			
110801031	八舞夕弦普攻-机械伤	普攻对机械伤害+10%	1081031	icon/angleskill/10101_angleskillA.png	ui/fairy_angle/024.png	110801	100810	1	3	1	2081031	3081031			1				7	1			
110801032	八舞夕弦普攻-机械伤	普攻对机械伤害+10%	1081032	icon/angleskill/10101_angleskillA.png	ui/fairy_angle/024.png	110801	100810	1	3	2	2081032	3081032			1				8	1			
110801033	八舞夕弦普攻-机械伤	普攻对机械伤害+10%	1081033	icon/angleskill/10101_angleskillA.png	ui/fairy_angle/024.png	110801	100810	1	3	3	2081033	3081033			1				9	1			
110801034	八舞夕弦普攻-机械伤	普攻对机械伤害+10%	1081034	icon/angleskill/10101_angleskillA.png	ui/fairy_angle/024.png	110801	100810	1	3	4	2081034	3081034			1				10	1			
110801035	八舞夕弦普攻-机械伤	普攻对机械伤害+10%	1081035	icon/angleskill/10101_angleskillA.png	ui/fairy_angle/024.png	110801	100810	1	3	5	2081035	3081035			1				11	1			
110801041	八舞夕弦普攻-攻速	普攻攻速+X%	1081041	icon/angleskill/10101_angleskillA.png	ui/fairy_angle/024.png	110801	100810	1	4	1	2081041	3081041			1				12	1			
110801042	八舞夕弦普攻-攻速	普攻攻速+X%	1081042	icon/angleskill/10101_angleskillA.png	ui/fairy_angle/024.png	110801	100810	1	4	2	2081042	3081042			1				13	1			
110801043	八舞夕弦普攻-攻速	普攻攻速+X%	1081043	icon/angleskill/10101_angleskillA.png	ui/fairy_angle/024.png	110801	100810	1	4	3	2081043	3081043			1				14	1			
110801044	八舞夕弦普攻-攻速	普攻攻速+X%	1081044	icon/angleskill/10101_angleskillA.png	ui/fairy_angle/024.png	110801	100810	1	4	4	2081044	3081044			1				15	1			
110801045	八舞夕弦普攻-攻速	普攻攻速+X%	1081045	icon/angleskill/10101_angleskillA.png	ui/fairy_angle/024.png	110801	100810	1	4	5	2081045	3081045			1				16	1			
110801051	八舞夕弦普攻-八舞夕弦5段		1081051	icon/angleskill/10101_angleskillA.png	ui/fairy_angle/024.png	110801	100810	1	5	1	2081051	3081051			1				17	1			
110801061	八舞夕弦普攻-穿透率	普攻穿透率+X%	1081061	icon/angleskill/10101_angleskillA.png	ui/fairy_angle/024.png	110801	100810	1	6	1	2081061	3081061			1				18	1			
110801062	八舞夕弦普攻-穿透率	普攻穿透率+X%	1081062	icon/angleskill/10101_angleskillA.png	ui/fairy_angle/024.png	110801	100810	1	6	2	2081062	3081062			1				19	1			
110801063	八舞夕弦普攻-穿透率	普攻穿透率+X%	1081063	icon/angleskill/10101_angleskillA.png	ui/fairy_angle/024.png	110801	100810	1	6	3	2081063	3081063			1				20	1			
110801064	八舞夕弦普攻-穿透率	普攻穿透率+X%	1081064	icon/angleskill/10101_angleskillA.png	ui/fairy_angle/024.png	110801	100810	1	6	4	2081064	3081064			1				21	1			
110801065	八舞夕弦普攻-穿透率	普攻穿透率+X%	1081065	icon/angleskill/10101_angleskillA.png	ui/fairy_angle/024.png	110801	100810	1	6	5	2081065	3081065			1				22	1			
110801071	八舞夕弦普攻-普通怪物伤害	普攻对普通怪物伤害+X%	1081071	icon/angleskill/10101_angleskillA.png	ui/fairy_angle/024.png	110801	100810	1	7	1	2081071	3081071			1				23	1			
110801072	八舞夕弦普攻-普通怪物伤害	普攻对普通怪物伤害+X%	1081072	icon/angleskill/10101_angleskillA.png	ui/fairy_angle/024.png	110801	100810	1	7	2	2081072	3081072			1				24	1			
110801073	八舞夕弦普攻-普通怪物伤害	普攻对普通怪物伤害+X%	1081073	icon/angleskill/10101_angleskillA.png	ui/fairy_angle/024.png	110801	100810	1	7	3	2081073	3081073			1				25	1			
110801074	八舞夕弦普攻-普通怪物伤害	普攻对普通怪物伤害+X%	1081074	icon/angleskill/10101_angleskillA.png	ui/fairy_angle/024.png	110801	100810	1	7	4	2081074	3081074			1				26	1			
110801075	八舞夕弦普攻-普通怪物伤害	普攻对普通怪物伤害+X%	1081075	icon/angleskill/10101_angleskillA.png	ui/fairy_angle/024.png	110801	100810	1	7	5	2081075	3081075			1				27	1			
110801081	八舞夕弦普攻-爆炸		1081081	icon/angleskill/10101_angleskillA.png	ui/fairy_angle/024.png	110801	100810	1	8	1	2081081	3081081			1				28	1			
110801091	八舞夕弦普攻-移动速度	普攻有x%的几率使自身移动速度+x%,持续x秒,不可叠加	1081091	icon/angleskill/10101_angleskillA.png	ui/fairy_angle/024.png	110801	100810	1	9	1	2081091	3081091			1				29	1			
110801092	八舞夕弦普攻-移动速度	普攻有x%的几率使自身移动速度+x%,持续x秒,不可叠加	1081092	icon/angleskill/10101_angleskillA.png	ui/fairy_angle/024.png	110801	100810	1	9	2	2081092	3081092			1				30	1			
110801093	八舞夕弦普攻-移动速度	普攻有x%的几率使自身移动速度+x%,持续x秒,不可叠加	1081093	icon/angleskill/10101_angleskillA.png	ui/fairy_angle/024.png	110801	100810	1	9	3	2081093	3081093			1				31	1			
110801094	八舞夕弦普攻-移动速度	普攻有x%的几率使自身移动速度+x%,持续x秒,不可叠加	1081094	icon/angleskill/10101_angleskillA.png	ui/fairy_angle/024.png	110801	100810	1	9	4	2081094	3081094			1				32	1			
110801095	八舞夕弦普攻-移动速度	普攻有x%的几率使自身移动速度+x%,持续x秒,不可叠加	1081095	icon/angleskill/10101_angleskillA.png	ui/fairy_angle/024.png	110801	100810	1	9	5	2081095	3081095			1				33	1			
110802011	八舞夕弦技能1-技能精英伤	技能1对精英怪物伤害+X%	1082011	icon/angleskill/10101_angleskillA.png	ui/fairy_angle/026.png	110801	100820	2	1	1	2082011	3082011			1				1	1			
110802012	八舞夕弦技能1-技能精英伤	技能1对精英怪物伤害+X%	1082012	icon/angleskill/10101_angleskillA.png	ui/fairy_angle/026.png	110801	100820	2	1	2	2082012	3082012			1				2	1			
110802013	八舞夕弦技能1-技能精英伤	技能1对精英怪物伤害+X%	1082013	icon/angleskill/10101_angleskillA.png	ui/fairy_angle/026.png	110801	100820	2	1	3	2082013	3082013			1				3	1			
110802014	八舞夕弦技能1-技能精英伤	技能1对精英怪物伤害+X%	1082014	icon/angleskill/10101_angleskillA.png	ui/fairy_angle/026.png	110801	100820	2	1	4	2082014	3082014			1				4	1			
110802015	八舞夕弦技能1-技能精英伤	技能1对精英怪物伤害+X%	1082015	icon/angleskill/10101_angleskillA.png	ui/fairy_angle/026.png	110801	100820	2	1	5	2082015	3082015			1				5	1			
110802021	八舞夕弦技能1-1级		1082021	icon/angleskill/10101_angleskillA.png	ui/fairy_angle/026.png	110801	100820	2	2	1	2082021	3082021			1				6	1			
110802031	八舞夕弦技能1-攻速	技能1攻速+10%	1082031	icon/angleskill/10101_angleskillA.png	ui/fairy_angle/026.png	110801	100820	2	3	1	2082031	3082031			1				7	1			
110802032	八舞夕弦技能1-攻速	技能1攻速+10%	1082032	icon/angleskill/10101_angleskillA.png	ui/fairy_angle/026.png	110801	100820	2	3	2	2082032	3082032			1				8	1			
110802033	八舞夕弦技能1-攻速	技能1攻速+10%	1082033	icon/angleskill/10101_angleskillA.png	ui/fairy_angle/026.png	110801	100820	2	3	3	2082033	3082033			1				9	1			
110802034	八舞夕弦技能1-攻速	技能1攻速+10%	1082034	icon/angleskill/10101_angleskillA.png	ui/fairy_angle/026.png	110801	100820	2	3	4	2082034	3082034			1				10	1			
110802035	八舞夕弦技能1-攻速	技能1攻速+10%	1082035	icon/angleskill/10101_angleskillA.png	ui/fairy_angle/026.png	110801	100820	2	3	5	2082035	3082035			1				11	1			
110802041	八舞夕弦技能1-技能基础伤害	技能1基础伤害+x%	1082041	icon/angleskill/10101_angleskillA.png	ui/fairy_angle/026.png	110801	100820	2	4	1	2082041	3082041			1				12	1			
110802042	八舞夕弦技能1-技能基础伤害	技能1基础伤害+x%	1082042	icon/angleskill/10101_angleskillA.png	ui/fairy_angle/026.png	110801	100820	2	4	2	2082042	3082042			1				13	1			
110802043	八舞夕弦技能1-技能基础伤害	技能1基础伤害+x%	1082043	icon/angleskill/10101_angleskillA.png	ui/fairy_angle/026.png	110801	100820	2	4	3	2082043	3082043			1				14	1			
110802044	八舞夕弦技能1-技能基础伤害	技能1基础伤害+x%	1082044	icon/angleskill/10101_angleskillA.png	ui/fairy_angle/026.png	110801	100820	2	4	4	2082044	3082044			1				15	1			
110802045	八舞夕弦技能1-技能基础伤害	技能1基础伤害+x%	1082045	icon/angleskill/10101_angleskillA.png	ui/fairy_angle/026.png	110801	100820	2	4	5	2082045	3082045			1				16	1			
110802051	八舞夕弦技能1-2级		1082051	icon/angleskill/10101_angleskillA.png	ui/fairy_angle/026.png	110801	100820	2	5	1	2082051	3082051			1				17	1			
110802061	八舞夕弦技能1-技能穿透率	技能1穿透率+10%	1082061	icon/angleskill/10101_angleskillA.png	ui/fairy_angle/026.png	110801	100820	2	6	1	2082061	3082061			1				18	1			
110802062	八舞夕弦技能1-技能穿透率	技能1穿透率+10%	1082062	icon/angleskill/10101_angleskillA.png	ui/fairy_angle/026.png	110801	100820	2	6	2	2082062	3082062			1				19	1			
110802063	八舞夕弦技能1-技能穿透率	技能1穿透率+10%	1082063	icon/angleskill/10101_angleskillA.png	ui/fairy_angle/026.png	110801	100820	2	6	3	2082063	3082063			1				20	1			
110802064	八舞夕弦技能1-技能穿透率	技能1穿透率+10%	1082064	icon/angleskill/10101_angleskillA.png	ui/fairy_angle/026.png	110801	100820	2	6	4	2082064	3082064			1				21	1			
110802065	八舞夕弦技能1-技能穿透率	技能1穿透率+10%	1082065	icon/angleskill/10101_angleskillA.png	ui/fairy_angle/026.png	110801	100820	2	6	5	2082065	3082065			1				22	1			
110802071	八舞夕弦技能1-技能命中率+技能伤	技能1命中率和技能伤害+5%	1082071	icon/angleskill/10101_angleskillA.png	ui/fairy_angle/026.png	110801	100820	2	7	1	2082071	3082071			1				23	1			
110802072	八舞夕弦技能1-技能命中率+技能伤	技能1命中率和技能伤害+5%	1082072	icon/angleskill/10101_angleskillA.png	ui/fairy_angle/026.png	110801	100820	2	7	2	2082072	3082072			1				24	1			
110802073	八舞夕弦技能1-技能命中率+技能伤	技能1命中率和技能伤害+5%	1082073	icon/angleskill/10101_angleskillA.png	ui/fairy_angle/026.png	110801	100820	2	7	3	2082073	3082073			1				25	1			
110802074	八舞夕弦技能1-技能命中率+技能伤	技能1命中率和技能伤害+5%	1082074	icon/angleskill/10101_angleskillA.png	ui/fairy_angle/026.png	110801	100820	2	7	4	2082074	3082074			1				26	1			
110802075	八舞夕弦技能1-技能命中率+技能伤	技能1命中率和技能伤害+5%	1082075	icon/angleskill/10101_angleskillA.png	ui/fairy_angle/026.png	110801	100820	2	7	5	2082075	3082075			1				27	1			
110802081	八舞夕弦技能1-3级		1082081	icon/angleskill/10101_angleskillA.png	ui/fairy_angle/026.png	110801	100820	2	8	1	2082081	3082081			1				28	1			
110802091	八舞夕弦技能1-消耗	技能1风之力消耗-2点	1082091	icon/angleskill/10101_angleskillA.png	ui/fairy_angle/026.png	110801	100820	2	9	1	2082091	3082091			1				29	1			
110802092	八舞夕弦技能1-消耗	技能1风之力消耗-2点	1082092	icon/angleskill/10101_angleskillA.png	ui/fairy_angle/026.png	110801	100820	2	9	2	2082092	3082092			1				30	1			
110802093	八舞夕弦技能1-消耗	技能1风之力消耗-2点	1082093	icon/angleskill/10101_angleskillA.png	ui/fairy_angle/026.png	110801	100820	2	9	3	2082093	3082093			1				31	1			
110802094	八舞夕弦技能1-消耗	技能1风之力消耗-2点	1082094	icon/angleskill/10101_angleskillA.png	ui/fairy_angle/026.png	110801	100820	2	9	4	2082094	3082094			1				32	1			
110802095	八舞夕弦技能1-消耗	技能1风之力消耗-2点	1082095	icon/angleskill/10101_angleskillA.png	ui/fairy_angle/026.png	110801	100820	2	9	5	2082095	3082095			1				33	1			
110803011	八舞夕弦技能2-技能命中减防	被技能2命中的目标,防御降低X%,持续4秒	1083011	icon/angleskill/10101_angleskillA.png	ui/fairy_angle/027.png	110801	100870	3	1	1	2083011	3083011			1				1	1			
110803012	八舞夕弦技能2-技能命中减防	被技能2命中的目标,防御降低X%,持续4秒	1083012	icon/angleskill/10101_angleskillA.png	ui/fairy_angle/027.png	110801	100870	3	1	2	2083012	3083012			1				2	1			
110803013	八舞夕弦技能2-技能命中减防	被技能2命中的目标,防御降低X%,持续4秒	1083013	icon/angleskill/10101_angleskillA.png	ui/fairy_angle/027.png	110801	100870	3	1	3	2083013	3083013			1				3	1			
110803014	八舞夕弦技能2-技能命中减防	被技能2命中的目标,防御降低X%,持续4秒	1083014	icon/angleskill/10101_angleskillA.png	ui/fairy_angle/027.png	110801	100870	3	1	4	2083014	3083014			1				4	1			
110803015	八舞夕弦技能2-技能命中减防	被技能2命中的目标,防御降低X%,持续4秒	1083015	icon/angleskill/10101_angleskillA.png	ui/fairy_angle/027.png	110801	100870	3	1	5	2083015	3083015			1				5	1			
110803021	八舞夕弦技能2-1级		1083021	icon/angleskill/10101_angleskillA.png	ui/fairy_angle/027.png	110801	100870	3	2	1	2083021	3083021			1				6	1			
110803031	八舞夕弦技能2-+攻击力	技能2使用后,攻击+x%,持续x秒	1083031	icon/angleskill/10101_angleskillA.png	ui/fairy_angle/027.png	110801	100870	3	3	1	2083031	3083031			1				7	1			
110803032	八舞夕弦技能2-+攻击力	技能2使用后,攻击+x%,持续x秒	1083032	icon/angleskill/10101_angleskillA.png	ui/fairy_angle/027.png	110801	100870	3	3	2	2083032	3083032			1				8	1			
110803033	八舞夕弦技能2-+攻击力	技能2使用后,攻击+x%,持续x秒	1083033	icon/angleskill/10101_angleskillA.png	ui/fairy_angle/027.png	110801	100870	3	3	3	2083033	3083033			1				9	1			
110803034	八舞夕弦技能2-+攻击力	技能2使用后,攻击+x%,持续x秒	1083034	icon/angleskill/10101_angleskillA.png	ui/fairy_angle/027.png	110801	100870	3	3	4	2083034	3083034			1				10	1			
110803035	八舞夕弦技能2-+攻击力	技能2使用后,攻击+x%,持续x秒	1083035	icon/angleskill/10101_angleskillA.png	ui/fairy_angle/027.png	110801	100870	3	3	5	2083035	3083035			1				11	1			
110803041	八舞夕弦技能2-技能伤	技能2伤害+5%	1083041	icon/angleskill/10101_angleskillA.png	ui/fairy_angle/027.png	110801	100870	3	4	1	2083041	3083041			1				12	1			
110803042	八舞夕弦技能2-技能伤	技能2伤害+5%	1083042	icon/angleskill/10101_angleskillA.png	ui/fairy_angle/027.png	110801	100870	3	4	2	2083042	3083042			1				13	1			
110803043	八舞夕弦技能2-技能伤	技能2伤害+5%	1083043	icon/angleskill/10101_angleskillA.png	ui/fairy_angle/027.png	110801	100870	3	4	3	2083043	3083043			1				14	1			
110803044	八舞夕弦技能2-技能伤	技能2伤害+5%	1083044	icon/angleskill/10101_angleskillA.png	ui/fairy_angle/027.png	110801	100870	3	4	4	2083044	3083044			1				15	1			
110803045	八舞夕弦技能2-技能伤	技能2伤害+5%	1083045	icon/angleskill/10101_angleskillA.png	ui/fairy_angle/027.png	110801	100870	3	4	5	2083045	3083045			1				16	1			
110803051	八舞夕弦技能2-2级		1083051	icon/angleskill/10101_angleskillA.png	ui/fairy_angle/027.png	110801	100870	3	5	1	2083051	3083051			1				17	1			
110803061	八舞夕弦技能2-精英伤	技能2对精英怪物伤害+X%	1083061	icon/angleskill/10101_angleskillA.png	ui/fairy_angle/027.png	110801	100870	3	6	1	2083061	3083061			1				18	1			
110803062	八舞夕弦技能2-精英伤	技能2对精英怪物伤害+X%	1083062	icon/angleskill/10101_angleskillA.png	ui/fairy_angle/027.png	110801	100870	3	6	2	2083062	3083062			1				19	1			
110803063	八舞夕弦技能2-精英伤	技能2对精英怪物伤害+X%	1083063	icon/angleskill/10101_angleskillA.png	ui/fairy_angle/027.png	110801	100870	3	6	3	2083063	3083063			1				20	1			
110803064	八舞夕弦技能2-精英伤	技能2对精英怪物伤害+X%	1083064	icon/angleskill/10101_angleskillA.png	ui/fairy_angle/027.png	110801	100870	3	6	4	2083064	3083064			1				21	1			
110803065	八舞夕弦技能2-精英伤	技能2对精英怪物伤害+X%	1083065	icon/angleskill/10101_angleskillA.png	ui/fairy_angle/027.png	110801	100870	3	6	5	2083065	3083065			1				22	1			
110803071	八舞夕弦技能2-消耗	技能2风之力消耗-2点	1083071	icon/angleskill/10101_angleskillA.png	ui/fairy_angle/027.png	110801	100870	3	7	1	2083071	3083071			1				23	1			
110803072	八舞夕弦技能2-消耗	技能2风之力消耗-2点	1083072	icon/angleskill/10101_angleskillA.png	ui/fairy_angle/027.png	110801	100870	3	7	2	2083072	3083072			1				24	1			
110803073	八舞夕弦技能2-消耗	技能2风之力消耗-2点	1083073	icon/angleskill/10101_angleskillA.png	ui/fairy_angle/027.png	110801	100870	3	7	3	2083073	3083073			1				25	1			
110803074	八舞夕弦技能2-消耗	技能2风之力消耗-2点	1083074	icon/angleskill/10101_angleskillA.png	ui/fairy_angle/027.png	110801	100870	3	7	4	2083074	3083074			1				26	1			
110803075	八舞夕弦技能2-消耗	技能2风之力消耗-2点	1083075	icon/angleskill/10101_angleskillA.png	ui/fairy_angle/027.png	110801	100870	3	7	5	2083075	3083075			1				27	1			
110803081	八舞夕弦技能2-3级		1083081	icon/angleskill/10101_angleskillA.png	ui/fairy_angle/027.png	110801	100870	3	8	1	2083081	3083081			1				28	1			
110803091	八舞夕弦技能2-持续时间	技能2持续时间+1秒	1083091	icon/angleskill/10101_angleskillA.png	ui/fairy_angle/027.png	110801	100870	3	9	1	2083091	3083091			1				29	1			
110803092	八舞夕弦技能2-持续时间	技能2持续时间+1秒	1083092	icon/angleskill/10101_angleskillA.png	ui/fairy_angle/027.png	110801	100870	3	9	2	2083092	3083092			1				30	1			
110803093	八舞夕弦技能2-持续时间	技能2持续时间+1秒	1083093	icon/angleskill/10101_angleskillA.png	ui/fairy_angle/027.png	110801	100870	3	9	3	2083093	3083093			1				31	1			
110803094	八舞夕弦技能2-持续时间	技能2持续时间+1秒	1083094	icon/angleskill/10101_angleskillA.png	ui/fairy_angle/027.png	110801	100870	3	9	4	2083094	3083094			1				32	1			
110803095	八舞夕弦技能2-持续时间	技能2持续时间+1秒	1083095	icon/angleskill/10101_angleskillA.png	ui/fairy_angle/027.png	110801	100870	3	9	5	2083095	3083095			1				33	1			
110804011	八舞夕弦必杀-技能霸体	必杀使用时霸体,且受到的伤害降低x%	1084011	icon/angleskill/10101_angleskillA.png	ui/fairy_angle/025.png	110801	100880	4	1	1	2084011	3084011			1				1	1			
110804012	八舞夕弦必杀-技能霸体	必杀使用时霸体,且受到的伤害降低x%	1084012	icon/angleskill/10101_angleskillA.png	ui/fairy_angle/025.png	110801	100880	4	1	2	2084012	3084012			1				2	1			
110804013	八舞夕弦必杀-技能霸体	必杀使用时霸体,且受到的伤害降低x%	1084013	icon/angleskill/10101_angleskillA.png	ui/fairy_angle/025.png	110801	100880	4	1	3	2084013	3084013			1				3	1			
110804014	八舞夕弦必杀-技能霸体	必杀使用时霸体,且受到的伤害降低x%	1084014	icon/angleskill/10101_angleskillA.png	ui/fairy_angle/025.png	110801	100880	4	1	4	2084014	3084014			1				4	1			
110804015	八舞夕弦必杀-技能霸体	必杀使用时霸体,且受到的伤害降低x%	1084015	icon/angleskill/10101_angleskillA.png	ui/fairy_angle/025.png	110801	100880	4	1	5	2084015	3084015			1				5	1			
110804021	八舞夕弦必杀-1级		1084021	icon/angleskill/10101_angleskillA.png	ui/fairy_angle/025.png	110801	100880	4	2	1	2084021	3084021			1				6	1			
110804031	八舞夕弦必杀-Boss伤	必杀对Boss伤害+X%	1084031	icon/angleskill/10101_angleskillA.png	ui/fairy_angle/025.png	110801	100880	4	3	1	2084031	3084031			1				7	1			
110804032	八舞夕弦必杀-Boss伤	必杀对Boss伤害+X%	1084032	icon/angleskill/10101_angleskillA.png	ui/fairy_angle/025.png	110801	100880	4	3	2	2084032	3084032			1				8	1			
110804033	八舞夕弦必杀-Boss伤	必杀对Boss伤害+X%	1084033	icon/angleskill/10101_angleskillA.png	ui/fairy_angle/025.png	110801	100880	4	3	3	2084033	3084033			1				9	1			
110804034	八舞夕弦必杀-Boss伤	必杀对Boss伤害+X%	1084034	icon/angleskill/10101_angleskillA.png	ui/fairy_angle/025.png	110801	100880	4	3	4	2084034	3084034			1				10	1			
110804035	八舞夕弦必杀-Boss伤	必杀对Boss伤害+X%	1084035	icon/angleskill/10101_angleskillA.png	ui/fairy_angle/025.png	110801	100880	4	3	5	2084035	3084035			1				11	1			
110804041	八舞夕弦必杀-技能暴伤	必杀暴击伤害+x%	1084041	icon/angleskill/10101_angleskillA.png	ui/fairy_angle/025.png	110801	100880	4	4	1	2084041	3084041			1				12	1			
110804042	八舞夕弦必杀-技能暴伤	必杀暴击伤害+x%	1084042	icon/angleskill/10101_angleskillA.png	ui/fairy_angle/025.png	110801	100880	4	4	2	2084042	3084042			1				13	1			
110804043	八舞夕弦必杀-技能暴伤	必杀暴击伤害+x%	1084043	icon/angleskill/10101_angleskillA.png	ui/fairy_angle/025.png	110801	100880	4	4	3	2084043	3084043			1				14	1			
110804044	八舞夕弦必杀-技能暴伤	必杀暴击伤害+x%	1084044	icon/angleskill/10101_angleskillA.png	ui/fairy_angle/025.png	110801	100880	4	4	4	2084044	3084044			1				15	1			
110804045	八舞夕弦必杀-技能暴伤	必杀暴击伤害+x%	1084045	icon/angleskill/10101_angleskillA.png	ui/fairy_angle/025.png	110801	100880	4	4	5	2084045	3084045			1				16	1			
110804051	八舞夕弦必杀-2级		1084051	icon/angleskill/10101_angleskillA.png	ui/fairy_angle/025.png	110801	100880	4	5	1	2084051	3084051			1				17	1			
110804061	八舞夕弦必杀-伤害值转HP	必杀命中目标时,将会使伤害值的X%转化为自身生命值	1084061	icon/angleskill/10101_angleskillA.png	ui/fairy_angle/025.png	110801	100880	4	6	1	2084061	3084061			1				18	1			
110804062	八舞夕弦必杀-伤害值转HP	必杀命中目标时,将会使伤害值的X%转化为自身生命值	1084062	icon/angleskill/10101_angleskillA.png	ui/fairy_angle/025.png	110801	100880	4	6	2	2084062	3084062			1				19	1			
110804063	八舞夕弦必杀-伤害值转HP	必杀命中目标时,将会使伤害值的X%转化为自身生命值	1084063	icon/angleskill/10101_angleskillA.png	ui/fairy_angle/025.png	110801	100880	4	6	3	2084063	3084063			1				20	1			
110804064	八舞夕弦必杀-伤害值转HP	必杀命中目标时,将会使伤害值的X%转化为自身生命值	1084064	icon/angleskill/10101_angleskillA.png	ui/fairy_angle/025.png	110801	100880	4	6	4	2084064	3084064			1				21	1			
110804065	八舞夕弦必杀-伤害值转HP	必杀命中目标时,将会使伤害值的X%转化为自身生命值	1084065	icon/angleskill/10101_angleskillA.png	ui/fairy_angle/025.png	110801	100880	4	6	5	2084065	3084065			1				22	1			
110804071	八舞夕弦必杀-消耗	必杀风之力消耗-2点	1084071	icon/angleskill/10101_angleskillA.png	ui/fairy_angle/025.png	110801	100880	4	7	1	2084071	3084071			1				23	1			
110804072	八舞夕弦必杀-消耗	必杀风之力消耗-2点	1084072	icon/angleskill/10101_angleskillA.png	ui/fairy_angle/025.png	110801	100880	4	7	2	2084072	3084072			1				24	1			
110804073	八舞夕弦必杀-消耗	必杀风之力消耗-2点	1084073	icon/angleskill/10101_angleskillA.png	ui/fairy_angle/025.png	110801	100880	4	7	3	2084073	3084073			1				25	1			
110804074	八舞夕弦必杀-消耗	必杀风之力消耗-2点	1084074	icon/angleskill/10101_angleskillA.png	ui/fairy_angle/025.png	110801	100880	4	7	4	2084074	3084074			1				26	1			
110804075	八舞夕弦必杀-消耗	必杀风之力消耗-2点	1084075	icon/angleskill/10101_angleskillA.png	ui/fairy_angle/025.png	110801	100880	4	7	5	2084075	3084075			1				27	1			
110804081	八舞夕弦必杀-3级		1084081	icon/angleskill/10101_angleskillA.png	ui/fairy_angle/025.png	110801	100880	4	8	1	2084081	3084081			1				28	1			
110804091	八舞夕弦必杀-暴击回消耗	必杀暴击时,将获得1点风之力	1084091	icon/angleskill/10101_angleskillA.png	ui/fairy_angle/025.png	110801	100880	4	9	1	2084091	3084091			1				29	1			
110804092	八舞夕弦必杀-暴击回消耗	必杀暴击时,将获得1点风之力	1084092	icon/angleskill/10101_angleskillA.png	ui/fairy_angle/025.png	110801	100880	4	9	2	2084092	3084092			1				30	1			
110804093	八舞夕弦必杀-暴击回消耗	必杀暴击时,将获得1点风之力	1084093	icon/angleskill/10101_angleskillA.png	ui/fairy_angle/025.png	110801	100880	4	9	3	2084093	3084093			1				31	1			
110804094	八舞夕弦必杀-暴击回消耗	必杀暴击时,将获得1点风之力	1084094	icon/angleskill/10101_angleskillA.png	ui/fairy_angle/025.png	110801	100880	4	9	4	2084094	3084094			1				32	1			
110804095	八舞夕弦必杀-暴击回消耗	必杀暴击时,将获得1点风之力	1084095	icon/angleskill/10101_angleskillA.png	ui/fairy_angle/025.png	110801	100880	4	9	5	2084095	3084095			1				33	1			
110810011	八舞夕弦被动1	使用技能将额外消耗X%点风之力,并使技能伤害+X%	1081001	icon/angleskill/10101_angleskillA.png		110801		10	1	1	2081001	3081001							1				
110810021	八舞夕弦被动2	对生命值高于70%的目标,暴击伤害+50%	1081002	icon/angleskill/10101_angleskillA.png		110801		10	2	1	2081002	3081002							2				
110810031	八舞夕弦被动3	物理伤害类技能暴击几率+15%,暴击伤害+30%	1081003	icon/angleskill/10101_angleskillA.png		110801		10	3	1	2081003	3081003							3				
110810041	八舞夕弦被动4	旋风技能每次命中目标都将使目标减速60%,持续1.5秒	1081004	icon/angleskill/10101_angleskillA.png		110801		10	4	1	2081004	3081004							4				
110810051	八舞夕弦被动5	当命中减速目标时,自身攻击和移动速度+X%	1081005	icon/angleskill/10101_angleskillA.png		110801		10	5	1	2081005	3081005							5				
110810061	八舞夕弦被动6	周围10米内的敌人移动速度-X%	1081006	icon/angleskill/10101_angleskillA.png		110801		10	6	1	2081006	3081006							6				
110810071	八舞夕弦被动7	旋风技能每次命中目标都将为目标叠加一层持续3秒的撕裂效果,撕裂效果使目标每秒受到X%点伤害	1081007	icon/angleskill/10101_angleskillA.png		110801		10	7	1	2081007	3081007							7				
110810081	八舞夕弦被动8	当命中带有撕裂效果的目标时,每一层撕裂效果都将使目标受到X%点额外伤害	1081008	icon/angleskill/10101_angleskillA.png		110801		10	8	1	2081008	3081008							8				
110810091	八舞夕弦被动9	普攻有x%几率为目标叠加1层撕裂效果	1081009	icon/angleskill/10101_angleskillA.png		110801		10	9	1	2081009	3081009							9				
110810101	八舞夕弦被动10	技能风之力消耗-30%	1081010	icon/angleskill/10101_angleskillA.png		110801		10	10	1	2081010	3081010							10				
110810111	八舞夕弦被动11	风之力恢复速度+X%	1081011	icon/angleskill/10101_angleskillA.png		110801		10	11	1	2081011	3081011							11				
110810121	八舞夕弦被动12	当命中目标时,有X%的几率获得1点风之力	1081012	icon/angleskill/10101_angleskillA.png		110801		10	12	1	2081012	3081012							12				
110810131	八舞夕弦被动13	当自身生命值低于20%时,将获得最大生命值X%的旋风护盾,冷却时间60秒	1081013	icon/angleskill/10101_angleskillA.png		110801		10	13	1	2081013	3081013							13				
110810141	八舞夕弦被动14	暴击有x%几率使自身攻速+x%。持续5秒	1081014	icon/angleskill/10101_angleskillA.png		110801		10	14	1	2081014	3081014							14				
110810151	八舞夕弦被动15	使用闪避后,闪避几率+x%,持续X秒,冷却时间X秒	1081015	icon/angleskill/10101_angleskillA.png		110801		10	15	1	2081015	3081015							15				
110810161	八舞夕弦被动16	当前生命值每降低X%,伤害则+X%,最多+50%	1081016	icon/angleskill/10101_angleskillA.png		110801		10	16	1	2081016	3081016							16				
